1945793
1827115
1859102
2032532
2166051
1917034
1890961
1829975
1093260
1961624
2017400
2106715
1711378
1733856
1764374
1707309
1634933
1901056
1891871
2035900
1851195
1576531
2140390
1694908
1898045
1905940
1867756
1974927
1987180
1208452
1861375
1675797
1886586
1756875
1870775
1618776
1669802
1126766
1884903
1466750
1751746
1700539
1362433
2024909
1949894
2091610
2112310
1628671
1771618
671592
1889288
1472555
1907729
1439847
1001172
2104289
2028947
943859
1839444
981267
1746664
1736560
2134395
1764157
1921930
2025996
1840413
1954777
1882550
2116862
1879587
1355025
2105938
1956332
1885919
2086569
1978179
1793916
1935233
1309585
1273005
1757449
2164048
1219542
1850935
1446316
1894841
1698960
1862049
979140
1857779
1987556
1952471
1999473
1677752
1937519
1347975
1993425
1677788
2154121
244476
1934083
2116750
1642834
1884920
1078911
1794916
1647703
2117377
1788270
2051816
1828499
1824842
1703779
1939038
1942860
1855435
2053664
2048850
2017801
1649795
1836345
2114695
1756056
1307006
1922550
1173057
2015808
1968929
1975684
1965466
1703042
1895910
1729989
1995284
1679293
1411131
1585323
1832342
1918247
1880608
2119039
1638844
2051449
2141278
2161068
2047832
1807003
1767305
239964
2055504
1934595
1563334
1763403
1926697
2127333
1935898
1872940
1933127
1105283
2078299
1766665
144609
2088028
1587090
1781494
1265151
2094949
2005593
1835637
1682383
2142052
1159342
1853971
1898803
107834
2086155
1947986
1173438
1789527
1903136
1587095
625924
2066270
1846269
1933536
754470
1873172
1777727
1745107
1823196
1747978
2075981
1751794
1835580
1790424
1812996
1813822
1166091
1944021
2049713
2000770
2060949
1916862
1996721
1802471
1777896
1772648
1994169
1745942
2021201
1882014
1794544
1825848
1962715
1107784
1850047
946331
2017649
1809578
1769056
1721563
1950674
1865113
1882781
2096568
1864567
2051628
2030573
1957516
2021984
1916295
1913796
1865161
2006618
1744678
1777724
1632153
973421
1782023
1743589
1934280
1742131
2141913
1445309
1686988
1757266
2098276
1867294
365702
2051546
1777893
2105369
2064958
2021026
1969233
2050376
1532642
1761150
1587242
689155
1541648
1652458
1788950
1829152
1766532
2091756
1964612
2082231
1940198
1720462
1215136
1577922
2043094
1789982
1497474
1803933
1565886
1395192
1828485
1972993
1938037
1922959
1734513
2028207
1860299
2013539
1875669
1937758
1423264
1424705
1826381
1930030
435387
1861454
1828538
1686549
1747889
2123851
1945493
1877097
1734266
1878995
1725053
1987197
2131197
1974688
1720971
1891836
1854710
2022917
1676156
2099904
2106833
872940
1994667
2016778
1822334
1792551
1633773
1773326
858060
1012105
2052950
1897287
1731620
1807947
1457877
1330493
2137636
2088664
1569597
1917319
1935954
1941380
1938693
1403602
2055532
2017862
2114541
1977317
2148450
1739766
2072440
1889529
1895382
1806130
1888849
2020286
1868244
1887871
1767397
1949720
2134791
1902790
1775997
1989258
1238745
2051504
1738864
1791677
1734681
2135326
1972752
1932958
1790692
1912920
1742673
1936017
1873914
2096026
1906431
1776045
1851619
2172737
2037139
1864060
1770974
1607793
1724194
1982170
1700477
2138028
1772503
1796476
1835271
1640832
1986577
1949275
2006106
1918241
1942086
1936188
1654327
762931
1855918
663203
1959431
1885005
1254893
1967031
1914658
1739969
1929319
1845362
177154
1929812
1331748
2042113
1883951
1712175
1863429
1919446
1815048
1914391
1790641
1884578
2081768
2120527
2000365
1912253
1682809
2114372
2135285
1822689
2045473
661076
1808183
1968277
1811324
1414012
1894276
2025404
1906645
1738425
1790894
2097269
1796023
1949537
1869572
1562875
2028708
1270148
1790761
1727693
1876207
1441990
1824884
1086293
1997962
1952940
1740706
1979235
1940007
1714935
1763358
1787942
1291582
1702721
1971451
2039895
972538
2021170
1978551
1508396
1901201
1739922
640120
1821864
1898384
43701
1952181
2085974
1477805
2069540
2078187
1475460
1265691
1913515
2047669
1915289
1861863
1284666
1853515
1996257
2011243
2130241
1789877
1815468
1894868
2095029
2131700
2048353
1838790
2061602
2056757
2124754
1784200
1706195
1973407
1780923
1912655
1665751
2155200
1750286
2002011
1683567
1775596
1877240
1771982
2032400
1183055
1829908
1643220
322808
1769792
2083248
2079279
569620
1741965
1870931
1246436
1930291
1940331
1776493
1845899
1801349
1998231
2000299
2045441
1723222
1830520
1811364
2102434
1881301
1989119
2121687
1874490
1684903
1594769
1738756
1729062
1734862
1889313
1972957
1760991
2134516
1192367
1956399
1338625
1983566
1796943
1477099
2011950
2068019
1975936
1849016
1596272
2116675
1838172
2066904
1867075
1125754
1363675
1904026
2164901
2057179
1565833
1523000
388782
499869
2063328
2153107
1275606
1915504
2163409
1887356
1818014
2024020
1780166
1919687
1935685
1623877
1778816
1754252
1830159
2026486
2004114
1845104
2044204
1342805
1804855
1912643
1873680
2049932
1769824
1905886
1918139
1952225
1301119
1888186
2116409
1846720
801747
2119483
2120553
2091166
1039456
1749962
1850943
1925346
1806968
1516907
1880396
1790791
1800520
1954936
1732413
1745709
1925508
1844789
2063140
2124429
1915250
1956446
1838778
1934147
2080673
2059940
2121231
1917315
1856758
1774369
1581381
1036855
1874093
1865758
1066133
1113145
1796612
1775588
1922564
1839959
1754192
2064100
2082024
1832938
1866031
1267263
1756775
1892361
1808776
2132346
1840527
1415947
1939761
1813910
1582948
1927976
1754419
2085980
1937777
1848202
1966382
1557441
1864545
2041719
1917268
2128380
2013704
1720197
2011522
1500477
1919305
1956955
1874516
1964088
1891734
2058976
1849063
1173967
1894649
1773437
1988181
2055099
1640689
1454009
1820504
2116935
760621
1955177
1809033
1887777
1929593
1875378
2129263
2114750
2042163
1902178
2125034
2103050
1439626
2092837
2049474
1482522
2034879
1934859
2119968
1815491
1927762
1995596
1785022
1774643
1572466
1978594
1988411
1924665
1891367
1882252
1794162
1813523
2116318
2068320
2115723
1390700
651710
1103560
1896707
1640166
1832537
2002137
1816835
1783147
1703318
2020210
1828568
2115704
1904099
1942404
1832621
1946459
1896680
1905308
1974595
1579161
1895626
338251
1976834
1991849
1734684
1818209
1902252
1726624
1835865
1070119
2111556
2161890
1203041
1963768
1978274
1112025
1867776
1719946
1789653
1402249
1565681
1818657
1854887
2022865
1915763
2117629
1846313
1899574
1856293
1875975
2072445
2107618
1875476
1955942
1713925
2056032
1894374
1471618
2125627
1741071
1940177
1440919
1346601
1762212
2074009
1705910
1067200
1690349
1964190
2086413
2045102
1916999
1945217
1254944
1874177
1981451
1965387
1929001
1895541
2061764
1962695
1722797
1964010
2139702
1921680
1682758
1527363
2011549
1747608
1257547
1675457
1938114
1913188
1773982
1807148
2099730
857226
1931079
2037388
1670253
1882292
2087163
1935971
1826609
1956393
484214
1926071
1661962
1760668
1992631
1814276
1785707
1838789
1758665
1893137
1231755
1021449
2105554
1699056
1979588
1823153
1987309
1742792
1636932
1765743
2131561
2075714
1931211
2068399
1945884
1610997
1407234
1973721
1978614
1770247
1061089
1827134
744508
1912881
1553302
1847364
2038628
1807898
1938666
1697475
1557663
2120935
1853174
1973085
2011115
1558455
2117517
1745662
2007199
1223459
1730764
1610127
1742415
1769587
1929932
2081340
2030184
758986
678182
2074186
1783252
1706691
364112
1892938
1721339
1510886
1670387
1904207
1671241
1602124
1968790
1946128
1845870
2028314
1936050
2053486
2115089
1789427
1778120
1984492
2014990
2022594
274289
1992291
2094243
1683035
2129479
1703376
1831346
1939510
1763833
2008109
1790940
1981951
1842219
2055189
813270
1954171
1967856
1842942
1776745
1789331
2001213
1949511
2120625
1774414
1847026
1616932
2021514
1932302
2138244
2006554
1843187
1308099
542127
1974179
1715288
2146136
2044872
2117702
1143823
2083734
1550498
1752369
1956893
2112596
1763708
1737434
1967160
1206298
2006974
1246773
1845584
1590373
1785762
1135212
1422686
2102670
2080041
1779446
2116342
1392679
1740786
1823749
2141973
1954753
1714629
2008940
1604579
1991013
1717994
2023751
2120753
1893881
1756107
1945629
603075
1335792
1987536
2148082
1105509
1952841
1719062
1911120
2016764
2029963
1856760
1974878
1968264
1784645
199838
2076659
1221676
1982752
2033764
1837652
1613181
1529875
1905874
2136934
2078790
554143
1878061
1980176
1594598
1647383
1759184
1916684
112651
1959410
2127552
1939593
1684582
1957147
1903846
1748836
2149646
1799685
2104268
1768402
1761107
1984411
1749630
2070482
1428709
1783775
1031196
1937815
1743384
1947455
1727109
1978135
1839010
1738170
1850895
1836713
1819588
1899659
1843780
1764078
1778601
1973536
1997470
1798453
1794214
1934878
1928250
1906993
924823
2116629
1806559
1925530
2029343
1813945
1739266
1756584
1713487
1920451
1828486
1763195
1622207
1912505
1953240
1994915
1899428
1974209
1831606
1800157
70988
1806127
1524124
1564921
1633226
2156790
2106992
1165592
1917139
1931115
2068728
623502
1888201
1759488
603435
1871717
1806364
1980584
1762614
1949129
1985705
1851193
2138532
1235310
1719592
2044518
1848888
1986398
1752211
2094723
1846448
1918577
1892233
1762863
2112934
2025637
1888031
1887426
1772072
1825016
1352410
1898524
1551970
1916172
1295266
2076193
1826809
1977902
1065704
1786699
1909988
1925812
1884657
1821768
1640108
2099816
1762209
1843748
1888841
1972368
2072038
1572967
1843870
1886250
1940374
1889132
1859250
1962553
1621830
1912509
1877093
1949141
1778687
1927611
1972810
1767910
1872478
1715986
1705812
2138875
1773734
1374104
1953513
1837865
1769121
2109234
1985404
1467730
2100298
1942556
1824826
1856477
1885416
2052232
1908253
1878070
1865199
1988811
1451716
1651943
1776379
1807327
1973980
1660971
2037816
1490712
1847155
1825951
1746146
1781169
1900600
1901652
1724966
1877567
1776472
1887133
1210496
1978820
1833522
1303659
1939339
2075682
1717807
825417
1770637
1570536
2118121
2137403
1741911
2011447
2124277
1843240
1850841
2099246
1493843
1986990
1920437
1691417
1871357
2037012
1884632
2024298
1973616
1945566
1951095
1946187
1832484
2067815
1979805
2037591
1865576
2089743
2066875
2006922
1584725
1810199
1611086
1756575
1623177
1967663
1402928
1928041
1974347
1964651
2099195
1819124
1823663
1415543
1801596
1550926
1752950
1935510
1601762
1937554
1658950
1161079
1172130
1857047
1873233
2121675
1581431
1803929
1936097
2097032
1951957
1845105
1210567
2074704
2069662
1897201
1113187
1781561
1062960
2040215
2032591
2154085
1845695
2079050
2035756
2152376
2040083
1768259
2074570
1789884
941899
1164312
1914777
1026444
1280347
1754697
1982558
1788635
1802118
2021516
1878651
1594210
1884819
2078131
1927304
2097481
1901824
1868545
1863474
1950964
1900011
1114964
1871209
1955956
1906618
1853727
1872077
1667607
1286476
1744044
1409123
1927081
1996989
1909142
2070777
1982720
1869451
1576274
1792411
1471236
1835785
1938125
1947714
1844020
2126685
2030991
1753400
1911884
1736636
2004186
1722335
1979769
1797151
1887387
1723988
1926961
1715139
2072797
1481197
1846430
1909442
1985153
1928309
1778216
1713947
650639
1840198
1930121
1812144
1701335
1528864
1789110
1890214
1778038
1848553
1908304
2064233
1731481
1573693
2077991
1963582
1624188
1684100
1687741
1043714
1821116
2142892
1414457
2034520
1999580
2053020
1986557
1838114
1744794
2146500
2150054
1672239
2159510
1233048
1711863
2115893
2117313
542478
1917736
1911093
450599
1959118
1907523
2027374
1859399
1474263
1190299
1338796
1159165
2006178
1785595
1819607
790716
532375
2128545
2030181
2091323
1375742
1787575
1697477
2076628
2029964
1134892
1976366
2045169
1724057
1568720
1883457
1964847
1468597
2152297
620764
1923942
1801641
1622104
1819506
1911102
638612
1857695
1968284
963383
2010148
1871561
1884411
1508399
1208497
1941403
1811211
1955030
2052377
1894582
1781688
1777816
1820657
1845027
1928266
1471537
1719295
1960735
1742310
1979194
1799574
1491694
1783013
1843213
1799245
863309
1889003
1972414
1733268
1849145
2011539
1781316
1603535
1782600
1968431
1858338
1847110
2045174
1744732
926593
1989257
1847694
2135137
1419080
1518121
1976410
2015867
2164814
1474832
1695872
1521630
1081656
1907219
1977605
2080593
2121495
2142199
1806864
2139787
1878093
1894482
2017251
1881219
2092342
1997683
597000
1961562
1240175
1866550
1863644
1831275
1799148
1444621
1793712
1802533
1388481
54003
1559802
1518838
1879988
1342061
1940328
1993411
2048954
1913356
1768532
1921678
2123197
1847266
1811835
1774512
375910
2052684
1974438
1756364
2060600
1719266
2152222
1525401
1948714
2028627
1921104
1651869
1729416
1574691
1871189
1629379
2019918
2031289
1913536
2053575
1693939
790573
381779
1874826
2003639
2052673
1902324
1673548
1931978
1963051
1529141
1876710
1993734
1754504
1938267
2066876
1866994
1946487
1821966
892355
1966269
1673028
1871615
1761117
2080378
1250819
1748192
1890060
2007620
2031733
2010737
2079507
1968395
2073957
463971
2068686
1678550
1756375
64010
190793
2016404
1075607
1193401
2136127
1898410
1690826
1689780
1086639
2111658
1886647
1791427
2132914
1976811
1604962
1785510
1830890
2056351
1263883
1791574
1823639
1959309
1811717
2071223
2004195
1850986
1717042
1989721
1917699
1983927
2132887
1776667
1802462
2015672
2039403
1828113
1905186
2015509
298452
2065149
1957364
1992653
2121288
2020475
1837481
1975566
1620193
1892271
1957138
1947907
1871679
1748408
2023867
1910088
1785711
1880497
1756776
1654907
1841266
1671869
2034609
1905493
1807138
1770511
1926727
1927752
662173
1890900
1984028
2156134
2045738
2080180
1955456
1949806
1376887
2002227
1806101
1957823
666342
1888620
2063011
1420479
1867009
2003500
1975164
1584690
1379439
2002731
1706221
1567000
1261647
2155556
2025380
1896189
1863645
1845113
1881138
1959509
1769773
1958525
1959301
2135074
1896666
1928560
2058451
2028088
1864481
1011970
1915695
1807751
1882756
1088658
1882884
1937220
1777467
1644032
1982768
1152507
1993159
1867707
2154609
1956695
1771017
1925593
1853618
1995451
1351724
1979483
2036291
313906
1903464
1813911
1995023
1653206
1670118
2133633
1801231
1989147
1873786
1428082
2137880
1888753
2117648
1813747
620008
2158145
1213082
1897276
1865852
1799094
2055608
1701031
2042533
1999387
2053146
1991830
1911459
1639652
478766
2103722
2089713
1182061
1770198
2088568
2042505
2093768
2107946
398134
1880288
2015959
2145273
1414258
1884293
1804743
1784408
1872426
1827006
1089678
2095262
1955618
2138153
2073975
1801396
1786991
1730593
1776437
1967567
1698171
1820929
2168705
1380791
2008871
2128408
2076071
1954433
1831880
1598664
1976687
1904507
1904321
2109584
1964744
1454753
1466025
1757602
2082895
2095242
2119565
1901547
1383276
1116525
1898571
2079693
1279571
2058577
1899013
1752717
2104350
1916502
1848285
2155130
1786831
1822263
1829005
2013931
1885417
1457322
621278
901873
1884417
1802506
2150659
1922665
1779714
2125035
1680065
1292966
1650550
1864097
1931730
2140531
1167920
2134940
2103123
952233
2072888
2118668
1768412
68333
1808911
1797993
1664855
1902996
2110296
1965867
1199234
1811044
1797306
2038365
2081299
1945383
1777079
1790301
2111018
1916718
1546475
2009607
1536341
1742473
1514684
601873
1845998
1930425
2036318
2033133
1365773
1951868
2123963
1949048
2079067
2087136
1722821
2098843
2150051
1845428
1569753
2032354
1910726
1123774
1899486
2116325
2120822
1890521
2077958
1759634
2068383
1343047
1318035
1971952
1794589
1780060
2001123
1571607
2091060
1957291
1921061
1922828
2009502
1348272
1970466
1813840
2082778
1830144
2124462
1836859
1547267
2141127
1886395
1778235
2085347
1751787
1709646
1838384
1964321
1861042
2078978
1805426
1818913
1107881
1799320
1888573
2086737
2102254
1955597
1875634
2041805
2017408
1896111
1779160
2135686
1800829
1758878
1867089
1270586
2101575
1699975
1884827
1730540
1825575
2103497
2019552
1380255
1673097
1780890
2004059
1718486
1561683
1885986
1524363
1850069
1918584
1833194
1974310
1738992
2046690
1258921
1754951
409202
2120375
1877709
1982473
2029582
2055856
1836456
1779511
1833326
2123652
2025601
1817236
2058114
1762728
2136263
1903575
1249436
1693941
1991993
1327813
1815207
2146191
1691743
2099759
1849910
1957643
1789584
1821204
1482404
1060444
1551290
2116670
1705008
1971447
1984688
1943275
1927663
1918215
1792033
1436983
2020405
1093671
1892815
1791022
1966714
1901783
1125233
2033330
1704595
1948258
1005463
1922598
1975680
1730072
2046370
1909723
2157319
1683871
2055668
1878732
1781619
1732895
1395079
1524066
1688539
1362766
2108845
1905153
1689627
2017489
1884182
1916843
2052515
1644513
1754051
1304195
2044096
1744031
552213
2040393
1766625
1876986
1743401
1828643
459572
1780572
1850518
1831541
1879592
2119716
808318
1890147
1774474
1947889
1926557
1930737
1942367
1771441
1712992
1706527
2047777
2167357
1377403
2142850
2107464
2057711
2109206
2044626
2139037
1370687
1916008
1881232
1891633
1772038
1998704
1354083
1874775
1570261
1568199
314017
1910391
1953850
1880007
1361989
1938268
1890031
1849604
1961364
1839749
1886047
1810689
1864149
1988096
2022599
1826036
1740698
1807662
1899344
2020645
1895187
2138766
1235834
1638125
2078875
925423
2004123
1949918
1908891
2166474
1859490
1922898
2046867
1779623
2109476
1833640
1091146
1812331
1904755
1971277
2089653
1854021
1922591
559105
2008098
2059835
2023119
1762751
16831
1635829
1863179
1897672
1729077
2040401
1930018
70247
2159661
2048902
1755255
1735006
1799285
1607429
1962820
2102497
1964175
1970226
2089306
1994252
1912251
1849682
2045702
1732224
2132496
2016683
1828594
2006787
2124418
781732
1974446
1757733
1930556
1928730
607365
1563407
2054648
1906746
1629226
1893052
1895281
1464846
1747115
2002631
1741640
2090933
1180451
1769889
2142337
1759632
2102767
1765365
1872519
1513200
1723066
2035256
1736615
1658451
2146320
2136342
1848926
1674171
1419209
1796767
2067302
2163558
1964805
1799500
1926975
1729729
1800864
895595
1972668
1448081
1507653
1864461
1954658
1423999
2134903
1907639
1091356
1823742
1105209
1751170
1563258
1502690
1994595
1937933
694436
1707723
1758221
1759096
1651905
1980796
1864673
1935476
2083198
1909021
1680213
2092016
1818002
1776577
1661762
1985133
2006713
1850697
1914419
1801151
1941687
1919942
1593278
1674661
1868544
1974817
1990123
1836909
2072174
1709119
1891267
856986
1814962
1802930
1929181
1749123
1371992
1915744
1691734
1798859
2071480
1755557
2089375
1909971
2119265
1944151
1879516
1885198
1770122
2106756
1862516
74115
1968432
1803208
2068331
1408257
1799740
2114717
1671244
2011188
1594562
1676472
1749963
2025551
1779730
1559330
1715035
1972745
1999815
1842682
1789344
1002932
1864902
270643
2093285
1751887
1919661
1966408
2088802
2159020
1537104
1533352
1726448
1904442
1992645
1668023
1859815
2032518
1801304
1402196
1869366
1231834
1813899
1796464
2069280
2148832
1939846
2039240
1309565
1932908
2078554
1783652
1684830
2057392
2119365
1862341
2051315
607089
1902708
2001204
1851103
2105510
1229571
1999444
1879277
1529523
1947035
1915778
1947532
1799847
2069077
1845476
1918070
914862
1606009
1812593
1968973
1881842
1824273
1887754
1916575
1917654
2045182
2161950
1910103
1860980
1781490
1752304
1910614
1910734
2167353
1876182
2048022
1785627
1835087
1789455
2111968
2095258
1943992
1765724
1850473
1958298
1884764
1854608
1906004
1861068
1803803
2022063
763774
1991420
1608630
2036438
2022527
2117308
2006102
1754869
1857120
1880917
2101474
2072806
2105496
1629837
1280853
2056364
1642820
434305
1973219
1947612
2062538
916639
1037658
385274
1938191
1999918
1895334
1761555
1590177
1388112
2007971
2140349
1911528
1911933
1929929
1898383
2067581
2071879
2034033
1219288
1628604
1592887
2005381
1997699
1821834
1977607
1342855
1587739
2025802
1536761
1702760
1879663
2038619
1966475
1674865
1926113
1866641
1904295
1847112
1826327
1797417
2105111
1882387
1681612
1818947
1749417
2008002
1729705
1925461
2098718
1843271
1686585
1972879
1894970
2109078
1792358
1654454
862544
2145705
1979581
1788647
2052201
2019270
1767449
1781293
1897970
2026897
1825443
1799692
2065527
2099295
1953900
1949965
1812001
1532633
2107778
2041830
1970946
1626585
1840222
885995
1735033
2117807
2040781
1032718
1687287
1778169
1949206
1865805
2035741
1680741
2100196
2002570
1713016
1213593
2044131
1425357
1248923
2025917
2021316
1945285
2066347
1795703
1866392
1679792
2086088
1096818
2124033
554493
1823230
1922925
1389954
1588958
1915102
1234363
1848009
1927224
1864043
1774311
2071805
1202004
1885828
1858370
2004882
1597526
1874060
1997593
1187701
1864346
1771928
1280192
2109896
1918826
1837666
1939940
1741320
1868761
1806511
2029188
1878262
1797319
1785234
1673971
1772603
1879893
1759784
1803474
2138103
1884607
1686994
1920560
1176845
1877909
1862333
1849703
2077955
1997795
1998245
1999090
1744475
1248921
1964831
2037341
1999080
2060746
1448292
1021672
2019825
1691083
1869045
2127811
1911430
1913010
1464027
2026147
2141386
1810487
1834917
1802635
401799
1383848
1873489
833150
2143876
1923862
867748
2067990
1990263
1287168
1988496
1814110
1714651
1731867
2043206
1452407
2116067
1979331
1786389
1997188
1464341
850367
2039667
1761111
1793195
2123290
1884924
2004646
1897425
2080713
1739205
1859450
2053899
1971628
1789145
1904534
1800385
1968445
2019665
2069389
1968159
1915048
1888808
1958464
1716336
1865294
1992172
1909798
1487045
1692553
1632581
1421130
2114341
1977265
1763006
1588514
2063918
1866121
1888967
1306970
1806747
2025219
1703935
1846767
1956799
1790590
1894015
2090182
1276389
1952617
1708547
1810611
2087266
1820113
2041421
2102063
1687036
1923268
1954877
1864947
2067109
1793818
1977083
2056138
1811658
1935338
2043434
1864996
1628966
2007742
1855499
2105591
1741155
1883182
979160
1926251
2036724
1763702
1699721
1653757
2031371
1711193
2108707
1894662
1944822
2092851
1909904
1904397
1988438
1996023
1767895
1703912
1824767
1918985
1581028
1506877
1957205
720329
1928339
2092632
1877965
1802363
1911900
1435435
2103083
2056867
1908066
2089518
1934618
1971788
1980599
1969268
1964312
1908109
1735240
1472132
2007968
2009899
1894355
1550933
1577393
1818779
2032925
2111371
1916069
1661105
1889708
1424378
1871865
528000
1764690
1707779
2132406
1885174
1555120
1919170
1842041
2001537
1836934
1722017
1796422
1972900
2115009
1953232
2057420
1968108
2057217
1716803
2056598
2028307
1922929
1778557
2088927
1716793
1434835
1409205
1906963
1654140
1925721
1740003
1802803
2000371
1879772
472007
1992065
1970386
1054598
1746423
1817150
1644728
1774562
2102184
1925249
1749944
1959822
2161944
1671952
1035651
2132504
329142
2068896
1588192
1804158
2028599
1800516
2157900
1476222
2062486
1898374
2004213
1978650
2043241
1804631
2114056
1808255
2100740
1463348
1711883
1539527
2005117
1824341
2052537
1625888
1935304
2079639
1577228
2111538
2075217
1739056
1821649
1979691
1098732
1926110
1835773
1740060
1968810
1854711
1999967
1817049
1949230
1914396
2097295
1460752
683291
1797921
1490540
1557448
2079607
1851399
1832955
1323112
2025659
2050043
1833301
1933724
1866675
1177891
1767295
1152613
1479741
1819793
1847490
1774219
2009380
1799377
1980628
331058
1952148
767103
1346430
1904642
1342866
1804626
1738818
1824429
2133060
1876775
1878367
1949371
1971513
2061553
2010972
1766909
2071593
1953261
1545844
1715213
1713866
1727626
2119924
1865173
1677646
2119169
2101057
1999291
2067270
1854325
1879700
1919435
1840181
2071574
1266351
2138660
2027742
1771093
2105253
1333833
1871558
1966742
1854815
288571
2033504
1942325
1900674
1704256
1915703
1851935
1011706
1768045
1735967
1972804
2121167
804107
1072867
1823934
1992659
1848246
2055824
2016750
1732903
1589006
1624087
1884014
336272
2062263
1188253
1880372
1349241
2026688
1978624
2090345
2019730
1656365
1368759
1993798
1432593
2009093
1009840
1857778
1769575
2098610
1965860
867277
1824682
1808095
1800026
1728269
1959708
1884167
1775018
1924322
1604806
1235246
2106143
1285325
1602707
2126258
2029970
1972324
2000814
1948622
1808052
1319421
2113494
1915333
2147381
1866973
2014469
2011669
2052754
1889094
1812360
1699465
1951399
1716853
2025945
1820163
1959150
2001937
1983006
2061745
1942214
1888886
1895713
2008589
526397
1957896
2071776
2055332
1767840
1988729
2080223
2037072
2137430
1949006
1805752
1827104
1644447
1156507
2142289
1900722
1773164
1984491
2143453
1460209
2070047
1773264
2073343
1803122
1957349
861860
1159481
2123343
1832804
1837642
2122395
1884231
2078340
2062505
2018309
1941451
2022121
1735796
1944741
2035723
2085286
2117555
2025023
1297543
2047321
54360
1880892
1885474
1919502
1711751
2119590
1508588
1316623
1532007
1736165
1785619
1952279
1373545
104315
1747268
2068919
1907970
1946744
1196484
1828742
1756255
1911070
1770210
1572337
1244002
2081945
1903014
2065632
1980743
1672200
1881162
2163995
2036440
1734521
2019340
1928286
1940246
1899836
1911312
2040076
1818721
1895610
1774982
2058235
1715004
1329463
1795383
756792
1645394
2122318
1833904
1878591
1936331
1897177
2092195
1934875
1719687
2101810
2084849
1885719
1960489
1957171
1752237
2093110
1864856
1922572
1936864
1529254
1894317
1577028
2123726
2120611
1402613
1824194
1969618
1918519
1632819
2017887
1800495
569405
1638199
924496
2008843
2076051
1888794
1846589
1990496
2010238
1772140
2036289
1862317
1805922
1832042
1918297
1923526
1885507
2110897
2072681
1899573
2005713
1999116
577770
1955591
1674622
1774332
2168960
1849171
1597784
1616787
1841989
1256677
2052729
1805771
1863282
1909161
2093736
1875139
1532199
1726530
1759764
1720248
1984834
1785511
2013873
1893984
1573985
1983155
1806298
1877293
2046526
1959023
1895093
1994520
1873063
1595301
1348925
1862479
2123381
1737667
887462
2059190
1386859
1848177
1697306
1932206
1997340
1999312
1730230
1882592
1909163
1644863
1790780
1536608
1131352
2108981
2108866
1978984
2115460
2032327
1820635
2000657
2036571
2011396
1814686
1758841
1612144
1737149
1775347
2038102
2008429
1779476
2096745
1910531
1157239
1978878
2111134
1529722
1873682
1776682
1906638
1726337
2164125
1775001
1812644
1870950
2121373
2015345
2137143
1631835
1796694
2034081
772671
2018784
1336079
1883852
1790824
2087450
2128167
2067764
1964734
2080113
1939554
1499178
1864323
1910139
2011570
1185696
1758678
1355421
2056652
1555979
1869555
1837052
659039
1842825
1955283
1931193
2053104
1903658
1685906
1926740
1991630
1251101
2069877
2050003
1952438
1882952
1699079
972291
1980369
1800142
2020125
1761238
1112314
1736181
2054394
654622
1580469
1189259
2055306
1749541
2076187
1709923
1933015
1890928
1680061
2088576
1767251
1901782
1845223
1923678
945295
1585364
1777999
1443360
1590600
1894487
1926366
1944103
1740729
1686734
1796440
1773082
1861785
1583832
2015830
1916175
1501157
2132907
2044490
1842338
1886627
2082657
1414025
1947146
1771665
1886487
1935765
1892718
742531
1974238
1919493
1924071
469679
2129229
1824704
1732117
1829046
1889419
1597755
1324319
1923078
2038786
1260907
1997755
1836797
1925865
787595
1852680
1806117
923851
1733822
1913463
1990973
1972749
1991196
1958904
1551329
971856
1564483
1835978
1570188
1756634
1807986
1980480
1676940
1775662
2001969
1841748
1891882
1908858
2084917
2127405
1769050
1216732
176892
1992407
1779254
1990588
1930417
1923339
1911055
1987990
1052779
1847159
1948870
1804062
2020261
1694166
1887430
1120892
2144426
1901415
1806908
1894901
2027885
1901393
1613246
1817602
1677257
1864157
1972113
2121315
2017141
1037725
1900494
1923261
755844
1888693
1748483
1710002
1846855
2001302
2051524
2097827
1773551
2093850
2119925
1743372
1771059
2099263
1973435
2136372
1440395
1400718
2009925
1788354
1886063
1928242
2106075
2148688
1865974
1850244
1784539
1829712
2114925
1897084
1934116
1692937
1635846
1932072
1301977
2056100
1873329
1937682
1957187
1992174
1941147
1742760
945848
1694843
2093548
1100637
2067137
1935891
1721048
2002855
2017560
2088304
1937131
801653
1952184
1780856
1984610
33888
2048946
475183
1901162
1861782
1799253
1848184
1694560
1974204
1968652
2062241
1827008
2019558
1772154
1777519
1128923
1972217
2146026
1775381
1557105
2007303
1962015
1900283
2147857
2027200
986116
1857424
1923211
1596941
2130360
1587660
1921117
2087240
2019715
1938923
1874141
1895514
2075692
1525635
532841
2035747
1865731
1768231
1888132
1811904
2028126
1349838
2021898
2005789
1789304
2038622
2129083
1953469
1718774
2004174
1855270
1691178
1856918
1862321
1586184
1807956
1907916
1807111
974134
1502714
1800039
1972972
2126844
2085644
2000308
1784332
1795003
1782195
1750171
1822388
2120937
1566206
1599430
2091471
1886224
1917936
801862
957390
1990136
2129161
1897412
1962817
634468
1639985
1561624
1990406
497378
1461782
2118662
2128616
1755429
1781793
1871492
2113466
2048064
1763944
1742153
1925310
1846644
777127
1823506
1909072
1248173
1630081
1727027
1977606
1965109
1941061
1842792
1704573
1807687
2085111
1380859
1751796
1864922
2084908
1898062
1005234
2095363
2085344
1133651
1975105
1756393
1873157
1840681
1110955
1968798
2103242
1765605
1941880
1763125
1807333
1598298
1107880
882820
1347379
1813876
1988187
1926857
2158286
1827862
1708941
1973430
1899333
1826637
1954897
1939237
1334777
2011740
2070756
1935691
1869263
629994
1809117
1913078
1767405
1896576
1617567
1873096
730460
1991509
2062147
1998353
1801100
2027396
2023965
2113834
2111683
1107377
1942597
2027273
1580043
1826034
1751800
1991686
2014152
1968571
1738470
1744808
2040317
1802439
1787258
1987378
332231
1789553
2098333
1961783
1892275
1877894
1707808
1570783
1718639
2014629
1589537
2092082
2010461
1765425
2058430
1720775
1892797
1714807
1846038
1769222
1748728
1714520
1635494
1948527
1856376
1794190
810477
2062284
1541456
1805257
2141997
1979275
1000057
1862160
1973361
1827806
1699323
1819890
2046192
2090055
1376308
2010473
2033544
1796008
1666473
1821680
1882660
1779553
1841114
1786447
2029436
1963534
1614473
1938361
1649024
1671903
2096801
1879268
1948165
2135397
1861945
1799396
1652337
232256
1814840
2003598
1490238
1938126
1755884
1599508
2119554
1202890
1838944
2132288
2005892
2132107
1697454
1846278
1676286
1821118
1834462
1263771
1939714
1910654
1510469
502745
1931735
1751372
1961900
2095486
1763666
2013573
1229581
1790957
1726797
765499
2004303
1595170
2087067
1842664
1906620
1783344
2089891
1952193
1986541
1455812
1256369
1891901
1726038
1913753
2089550
1941772
1890055
1277984
1613520
1431102
1418431
1790451
1923286
1785125
1930076
2068755
1625762
2078985
1835043
1219003
724949
1770429
1967877
1761527
1825240
1945122
2043506
1693048
1869628
1899965
1528667
2028756
1887753
1686156
2010856
1792895
2019871
1764363
2136811
1818355
1884593
1702342
1928983
1688188
2033808
2056247
1586882
1742951
1871489
1793352
1929712
1958376
1960651
1756149
2059468
2040231
1716502
1791283
1982293
1276059
1720028
1915271
2040705
2034173
2015516
1877957
2117211
1983415
1908137
1308453
1746310
1898575
1813639
1970837
1968814
2014464
1806242
1182680
1956864
1951512
1949034
1912417
2122249
1923055
1952479
1841442
1232822
2121312
1719956
1976932
1770985
2007277
1863768
1160847
1831503
999432
2153936
1489038
1672943
2020874
1843890
585451
1684004
1963685
1660102
1776972
2115432
1532736
2077432
1688783
1704375
1752805
2126878
1986014
1942425
1619670
1855686
2113936
2147047
2016163
2119567
1903740
2037054
1569170
971207
1941899
2015009
1808793
1691024
1205520
1964344
1900429
2121944
1918684
651216
1827010
804606
1750882
1255731
1856730
1893565
1970773
1940329
2138012
2080480
1939742
1837749
1688656
1795166
1799410
2063646
1960602
1839164
1768657
1920159
2000691
1888803
1814677
1875624
1899986
1818488
1865716
1723681
2049777
1930805
1813106
1850237
1485056
1552594
2005862
1942555
2164645
1961513
1029346
2084942
2008385
2029255
1703671
1677520
1828560
1662313
1996323
2115293
1905582
1775525
1789947
2016251
1955023
1795547
1781795
1961604
1881874
1857211
1962959
1819465
2019557
1772945
2135141
1830796
971144
1919169
1343420
1954712
1425901
1895485
2047524
1923104
1743778
1731386
1787103
2075968
1858472
2089911
1579075
1849267
1882996
532308
1999098
1919118
936833
1744775
2043442
1969255
1883172
1756259
657834
1943617
1948401
1955038
1058344
1977097
2025229
1800571
140945
2031510
2113940
1857899
2162800
1954885
1935191
1261301
1611083
1708332
406858
1755763
1440947
2013835
485248
1800577
2013819
2064950
1561567
1980483
2045127
2105765
1907567
1819703
1641849
2153673
1924982
1935359
1853621
1273664
1889101
1850247
21863
1834399
2069637
2006337
1780176
2064213
1556093
1876230
1903137
1908793
2000017
1895208
2112430
1015484
1085375
1245673
1139370
1827013
1767514
1923289
1796491
1992125
1909936
1641449
1905695
1810591
1985060
1847612
1341687
1964936
2070037
2133004
2029130
1722578
1890572
2112776
1843849
1265570
1765296
1662608
1929468
2101848
2079819
1912777
1918646
2112194
1899665
60228
1906832
2045671
1983142
1668029
2099486
2069912
1792394
1879989
1991430
803906
1704968
1871338
1797184
1983505
2085657
1462432
1934207
1875586
1703958
1375449
2074627
2035712
1955886
1801593
1596835
2019194
2109226
2145673
1871929
1838488
2052791
1704324
2097877
2111625
1219178
1749636
1723568
1891331
1315153
1339179
1965157
1907943
1862075
1381489
1734182
1932265
890867
1283536
2143329
1855293
1798752
1758918
1786386
1461060
2000180
2054460
1973329
1813016
1239671
1335568
1801306
411619
442178
1403099
2009310
2045471
2135773
1727268
2033906
2062204
2094347
1916342
1892180
2028694
1707074
2054068
1890591
1518924
1763744
1604940
2080314
1766582
1748367
1852057
1914245
1825244
2023508
1922258
2103460
1857624
2030005
1661187
2165456
1650041
2031858
1737435
2144786
1668761
2150212
1827994
2043376
2031429
1810031
1766146
2011221
1901573
1959074
1844277
2044069
2080356
1979174
1696407
2161438
1949846
2026354
1703768
2069690
1879684
1872905
1865291
1939398
1871670
1822780
1814682
2122246
1979887
1795649
1833393
1750422
1711401
1765718
1921759
1726003
1778469
1974048
832889
2053849
1913331
2153172
1282733
1743499
1921355
1911085
1731069
1201290
1997335
2123901
1601642
1781523
1938528
947426
2053499
2095946
1981952
2069873
1813053
1531489
1906721
1248233
1697103
1909071
1902235
1810890
2086554
1803517
1797787
2060660
1835578
1827917
1680764
1874112
1967779
1942804
1606431
1840807
1291419
1234926
1859895
2114543
1865630
1828021
2160829
1948471
1750641
1864709
1961042
1761390
2079229
1193715
2037770
1376537
2066130
2079060
1698855
1874409
1952187
1964631
1949019
1285340
2159896
1140209
695583
2006235
1615484
2081371
1902232
1834635
1558024
1958773
1501294
1822673
2024061
1773214
2124264
529279
1895206
2089181
1750191
1700009
1843127
1915183
1978898
1795813
779226
1801358
1444495
1847076
1923094
1886769
1900379
648066
1979919
1928569
1950158
1980142
1965808
1784558
2032712
2004390
2123184
1550719
1812041
1602283
1755405
1737477
1881103
1999204
1846890
2035249
1433412
1890568
1201925
1068198
415726
1702297
1786693
1323233
1898441
1700983
1426534
1899485
2031314
1703070
1896342
1769468
2015980
1873543
1906472
1817884
1450701
2095911
1937135
1963905
1937914
2023758
507416
1244367
2042726
1662046
506043
1688958
1931702
1815703
1399262
729871
2033533
1863492
2132895
2031892
1909924
1631702
1909738
1797320
1671792
1289692
605573
1726150
1801967
2067629
1540170
1769755
1952041
1798257
2011534
2026457
1886461
2038527
1950038
678312
2070803
1849886
2095389
1949171
1958189
2047156
1825116
1869070
2096969
733590
1833491
1908229
1801972
1940073
1945410
2087883
1754903
2146419
1897664
1794813
1776731
1669850
2002141
1680342
1812576
1975688
1720539
1879550
1948557
1680588
1851016
1800845
1991315
1827997
2102902
1415321
2163516
1777892
1751916
2100951
1789690
2023091
1771645
197212
2050540
1897778
1789105
2103706
1865694
1898825
1029543
1911841
2067605
1876493
1825183
1923494
1992574
1931763
2107071
1844677
1822620
1432750
1584423
1372098
1011935
918068
1838730
1420081
2002366
1845310
1948103
2051840
1774024
1910705
2099411
1756970
1989856
2074198
1799825
2043227
1897987
1894823
2089358
2077934
1667709
1449555
1876615
1927026
2168371
1961523
2155847
2078166
1875364
1745782
2066206
2112170
1866176
2070252
1812908
2011128
1900291
2052482
1784288
1846639
856084
1770843
1603159
1789863
1752046
1713658
1876266
1272851
1732743
2120597
1960877
1614261
1712457
2005921
2035817
1800225
1731237
2034706
1657861
2128378
1654622
2043818
1742496
2031329
1800224
2053260
242574
1794186
1700193
605435
1768954
724793
1907777
1841885
1873820
1955891
1918666
1717150
2074440
1910322
1320897
1826110
1897932
1803674
2149292
1761177
1791543
1361516
1826389
1777013
1812415
1733928
1630732
1861699
1918788
2009418
1616670
1669080
2010778
1821381
1749893
1801499
2129699
1864739
2024432
1743949
1697072
1733209
2154456
1953362
1837663
1964515
2114542
1913199
1794607
1814464
1792218
1794551
1998544
2029290
1952903
2017779
2052586
2001564
997064
1741221
1662562
1763697
113705
2005745
1374578
2106614
1445056
1880652
1905994
2017028
2002789
1484496
2114336
1872404
179691
2097942
2082175
1683483
1829285
1759165
2076400
1748794
1274973
1892078
1946994
1126137
1697584
1747692
1898387
1977936
1920951
1858535
2088302
1741968
1884234
2061188
1855396
1968286
1699993
879643
1805943
649976
2016998
1972126
1667482
2074958
599960
1898796
2051792
1820815
1672763
1860311
2013277
1539643
1252357
1897914
1945865
1893408
1931438
2111637
1698284
1918903
1898949
2038889
2031331
1840707
2075039
1782707
677195
2081690
2075767
1786219
1765297
2126325
1851948
2056790
2040285
1035051
1893971
1847895
2055029
2058832
2040593
1963851
1743283
1884175
1918427
2046051
1934473
1952975
2061238
1885359
2153935
1989866
1197817
1109953
2015722
2043284
1575096
1913811
1748358
290111
2001229
2088600
1649093
1866619
1981588
1964656
1202314
1991014
1777388
1890758
1970218
1787048
1544600
1888901
699727
2155906
1983868
1898592
564144
644401
435430
2096850
1894080
1432116
2138818
1998687
1829281
1928802
1670295
1801217
2037678
1932767
1976387
1761637
2131670
1788341
1835921
2109811
1900450
1783510
1792568
1982063
1944406
1263473
2128157
1996179
1707703
1895784
1914592
460515
1745746
768281
2122957
1536540
1805884
1833048
1996131
1912753
1721490
2115242
1976837
1516524
2067469
1692734
1825062
1889234
1232750
769003
1894682
1449460
1872755
2074782
1729109
1995918
1921525
1825774
1080994
1697508
1764027
1649954
1780238
1739962
1961544
1980358
1779373
1788355
1977087
1873146
1965534
2096132
1225907
2118582
1935449
1888909
1800866
1601364
1798875
167775
2058791
704152
1923804
1907079
1891706
1858524
1784978
1824362
2102643
1881638
1959652
832078
1267571
1782683
2147338
1441606
2083205
1315359
1763568
2030433
1812737
1888527
2072324
1965625
1141077
2023792
1289259
1715101
1416303
1830101
2144106
1790032
1850922
1944025
2124050
2114044
1869329
1875162
1791220
1758666
1178351
911470
2122792
1550986
1896625
1951908
1440921
1900683
1729199
1902951
1900485
1959135
1412956
1687800
1831881
1831219
816319
1699001
1811200
1829037
1908440
1987694
1907655
479929
1419539
1913510
2047870
1055440
1616800
2091701
2131377
1997979
1863792
1959889
448507
1882857
1945020
1931986
1893323
2087515
2141702
1728013
2104327
1567085
2042418
1877259
1947520
1963052
1933432
1926369
1802039
1681275
1632044
830461
2112905
2039280
1912647
2012779
2027937
1979883
1585962
1791832
1803693
2054500
1296201
1799538
1981975
1889497
1960126
1696620
2004024
1897440
1934901
2118215
1981601
1804246
310699
1879059
1916152
1978432
1864538
1851654
1997765
1790039
1644188
1655030
1504705
1324742
2109635
1707554
1399648
1857663
1783072
1880494
1778990
1674155
1787722
1807404
2107491
1778490
1923744
1916289
2076043
1820383
2010002
613629
1719598
1967974
2132017
1815509
1735531
1963587
2017215
2066960
2085265
2070276
1803338
2129385
1904909
2114057
1953575
1886280
1933416
2040420
2101659
1885930
1766513
1667841
1771240
2019842
1777017
1960571
1790119
1774462
1880596
1741321
1759322
2030497
2084016
1824077
1950903
821722
1833543
1992524
2079544
1753924
1776191
2080690
1920572
1250833
395324
1949411
2123533
1229428
1827202
1381180
1760279
1902907
1798516
1914327
1749282
1937157
1837038
1324800
1923372
1834058
2039040
2039560
1464988
2035737
1928478
2017836
1876060
1915251
1743144
2024883
2082478
1529886
1541596
1855509
1912365
1798553
1688211
1635046
1896945
1774192
1593601
2010438
1950064
1888524
1440058
1918208
1836848
1733189
1453055
1289795
1871690
2011555
1744478
1747426
1748321
1044953
1815827
1785097
1741059
695601
881775
2015350
2125162
1952397
1688873
2049859
1088296
2062273
1696523
235619
1844742
2069920
643448
1846926
1945913
1647145
1954509
2143679
2086792
2146646
2122513
2103634
2052811
2134284
2001463
1900700
1864138
1962117
1404019
1951966
1911208
1697298
1759891
2124805
2045878
1847277
2051706
1908573
1504744
2088194
1900097
1828484
1778907
2166446
1763440
2027077
1884638
2134741
1760336
1911653
1774484
1992686
1347618
1917288
2161237
1826998
1646332
1814394
1838002
1799889
1888926
1902990
254801
5918
1864478
2001782
1999609
1356641
1881554
1727800
2121570
1980729
2081896
2027939
1337044
1998347
1794173
1835572
1262042
1531850
1569809
1161170
1173557
1834595
1788476
1818579
2115769
1917669
1510465
1575935
419879
1828668
1987363
1680649
1667697
1367731
1768697
2055747
1868330
1834864
1885424
1864555
1951586
2047626
1820368
1860611
1954702
1789435
1301193
957741
1774653
2125289
2139170
1590788
2006248
1402925
1644536
2028213
2101692
1917250
1884877
1791385
1801203
2034075
1767410
1730476
1153119
1817644
1779800
1802942
1774900
1907991
1670541
2060717
1962897
1880505
1760782
1781201
1769995
1731388
2163458
587361
1972973
1792060
1936670
1919524
1803919
575247
1818185
1956141
1757100
2047330
1914674
1936253
2003850
1736987
1950409
1769310
1992000
1740454
1850702
1314196
1615177
2011210
1762468
1738163
1969728
1888601
1874140
1530469
1714779
1650640
2110359
1606633
516277
2000386
1936468
1722598
1908855
1546722
1641079
1747678
1951236
1813410
1875338
1813171
1877167
1948972
1850256
1764347
1122590
1632108
1062298
2058747
1160351
2052470
1976259
2128184
1949959
1856576
1347384
263801
1878272
1900177
703004
1910142
2036413
2143850
1816877
1711133
1736484
1703061
1514712
2023705
1970073
2060739
2126089
1743292
1293072
1930058
1530752
1817020
2096572
1871920
2083106
1914935
1976706
32883
1607533
1483232
1799321
1916702
2126234
1910958
2114116
1981980
2127798
1974015
916319
2091456
1145548
1989770
1805268
1788919
1761979
1799575
1784352
1891721
1956641
1916691
2048186
2090964
1805764
1897784
1151675
1609920
1829371
973932
1920432
2062237
2025686
1868926
1961847
2033493
1900478
2042813
1936956
1816890
1820901
1450122
1931221
1887982
1698928
1919394
1682452
1887783
1820392
1775229
1979148
1248914
1522116
1951939
1828346
2088553
1962243
2064372
1856394
2047070
1011739
1715552
1750944
1921996
1753058
2145161
1855897
1956004
1922996
1711235
1799704
1730492
1558304
1928050
1876690
244590
1448953
2059692
1794850
1312103
1886423
1234494
2131778
1890927
1888928
1881077
2046343
2085224
1865700
371016
1763088
1042862
1792768
1614880
1870449
2102835
2105129
1735060
2122738
2019548
1896273
1938895
2089549
1812783
1711091
1940465
1727379
1871812
1783234
1973984
1918498
1763148
849389
1800930
1671965
2113814
1930803
1816708
2024585
1898417
1808246
2081438
1760177
1920337
2129710
2031077
1891714
1882705
1937542
1650817
1769632
1939836
1504481
1997707
2043744
1840868
1755294
1906935
2003122
1877657
2091616
1671360
1782691
2064195
1900598
1756246
1467151
105090
1393999
2106264
1856258
1347862
2085557
2142236
2116608
2160625
1834005
1789487
1750544
2055228
1867271
1246131
1954355
1360992
1937520
2094935
1578459
1823175
1687220
1901755
1821630
1765619
2006820
1284504
1972268
2101653
1814804
1850417
1951296
1877490
1947915
1876071
1319473
2002277
1804436
1683625
1759586
2094934
1900401
1976327
1713615
1421545
1818924
930707
1791063
1973339
1401642
2007371
507278
1929582
1363479
2097428
1812405
2164476
1461736
1774517
2071422
1906151
1332351
2141646
1903602
1879420
1971689
2149669
1588927
1199392
1591848
1692546
1911119
2019582
2083279
2085527
1051145
1832561
1988617
1289750
376703
2096353
2008260
2087611
2011620
1863701
2090014
2066973
1966286
1984719
1890601
2101141
464856
1971951
1775352
1183275
746380
696666
1088609
1536276
1840481
1881884
1792710
1988994
2122284
2070293
1983199
1564690
1900616
1754031
2083809
1806315
2043541
1713396
1783977
2020993
1856043
1989072
2112047
2169820
1788720
1799071
1602254
1792644
1831210
1986250
1806792
1766654
2129665
77691
2001413
1894128
1943253
1730730
1895850
1860586
963806
1792330
1936884
2049706
1841846
1930083
2009411
1491498
2011701
1807566
1896592
2034265
1852871
1159527
1708445
1598679
1792919
1917717
1901154
1671199
1742900
1994458
2059895
1784479
1871849
1932215
1716004
1872740
2046139
1903538
1553037
1731654
1827277
1759086
1897775
1213558
1245026
188879
2096757
1650003
1923908
1896678
1827378
1934865
1424956
2069665
1970783
1982463
1818235
1721538
1932508
1229831
2030543
1022927
1929270
1360248
1745894
1999755
1827007
2083188
2010589
1520317
1672422
2066269
1981053
1650736
1958537
2097924
1802470
1913307
1749857
1868727
1637455
2023876
1776550
1291247
1570458
2125078
1974195
2053498
1861462
1733366
2166472
1854035
2078325
1521349
1698626
1795606
1543460
2056650
1881442
1795690
1580589
1723410
1993035
184710
322061
2019770
2089449
1881362
1826534
1744186
2052920
1894409
2042835
936182
2022013
116413
1946710
1711971
1803507
1794101
2086467
2116689
1854244
1796930
1792876
2030387
2025057
1911871
1717111
1971670
1776799
1906318
2150213
1918935
1928513
1278143
1741767
1574589
1867537
1888925
1749133
2028338
1813733
1942429
1866978
1819997
1774120
1760971
1789221
2088537
2031107
1865696
1779535
1953395
1719165
1805088
1513612
1911925
1898578
1917389
315341
2093442
1929147
1863494
1904848
1607175
1791083
1873425
1907043
1804362
771447
1057081
2000926
1656978
637233
1796025
1938632
195958
2135628
2095177
1996486
1965977
1972174
2053402
1948042
1927927
1850906
2023031
2083680
2027120
1850710
2064894
1768649
1593107
2117622
1898835
1813261
1733285
1877902
1832848
1350080
1803990
1670089
1756971
1983524
1974786
1885239
1772420
1703282
1750011
1948209
1954150
2116564
1956925
2120661
2112357
1927406
1948306
1794200
613897
2078250
2134372
1769796
2015824
2028339
1164788
1785169
1494707
1731078
1304759
1757335
2043278
2016209
2026188
1925608
1200888
1778884
1784342
467816
1762719
1304499
1853776
1689938
1734006
2065214
1664204
2116801
1536560
1886551
2128550
1712056
2106268
1911796
2089066
1556521
1817787
2000801
1856309
1732086
1935584
1929806
1922744
1931752
2074062
2002773
2054995
2031239
1518856
1894503
1962244
1986961
1857524
1569814
1900508
1982154
1852809
1731937
1987125
1997922
1817367
2109196
1746568
583171
1714263
802243
1959646
1803533
1965582
1941518
1917852
1727126
1108470
2033141
1790635
1775661
1887547
2035554
1578719
955167
2007261
1754642
1744025
1716912
1910934
1848856
1942245
2097529
2009830
1900729
1753715
1763762
2156286
2129095
2073289
1784853
1913506
1922475
1838808
1713296
2021993
1936926
1856102
1962079
2045736
926495
1889624
2003947
1928493
1831905
2153960
819927
1940406
1792964
1944544
1698347
1857073
1478498
1830770
1999022
1843362
2024914
1961314
1862458
1582703
1953393
2137372
1982460
2002010
1825110
2006943
2095787
2033524
1502927
1897904
234646
2017044
1784295
1231048
1667363
2033369
432653
185138
2042698
861281
111169
1959361
1901650
1128003
1980463
1758567
1782916
1828435
1754791
1713927
2135245
1009084
25326
1724620
1817171
1978790
1948652
2091265
2019768
1990779
1739817
1809311
1989544
2002100
1940274
1859870
1766221
295458
1768913
1306568
2091981
1872060
2132993
1841169
1755115
1776905
1995184
1370640
1657761
1652193
1945158
1063708
1971147
1823819
1897323
1943573
1815879
1672679
2058816
1791236
2123126
1916394
1975757
2163057
1891236
1809888
1922323
1895733
2073247
1787808
1993522
1946126
1199839
1799031
2149214
1569667
1828864
2150446
1923120
2014244
1942326
1826190
1909420
1956960
1950809
112171
2063202
1692929
1552741
2051106
2088521
1934416
1997446
1874840
1749145
1974897
1838000
1723218
1857202
1807942
1100957
1683396
1822454
1799326
1938940
1852192
1907217
2000407
1823978
1987540
2084530
1918141
1921815
1740159
1907046
1899136
1781912
1915805
970662
1940055
2066673
2114653
1924180
2109092
2103523
1576656
2026273
1974205
1986582
2063115
1750539
1901461
1776078
1808565
1864421
1958087
1837704
2120483
1879586
1853846
1938336
1570531
1908790
1987097
1817231
1993718
1881739
2083675
1802164
1388149
2112649
820192
1409447
1788969
2105982
1789187
1104837
1898472
1683677
1969705
2079368
1939696
1855684
1672700
1096826
1993268
2108634
1910029
1918633
1958718
2056653
1920128
457435
1853338
1412428
1852502
1928719
1867440
1778535
2142618
1793500
2154893
1483467
1788765
1312121
2017987
1931038
2029608
1830347
923135
1307974
1520484
1177947
1580023
1949669
1860670
1757511
8949
1988818
1808806
1722410
1874860
1834956
1382661
1043653
1614761
1988283
2088564
1357330
2031865
1907038
1719280
1930398
482242
2120912
2063899
2068530
2009461
1864714
837346
1767845
2095365
1753342
1996373
1782440
2053643
1690140
2052103
1657227
1948960
2024419
1985507
1565050
1819528
2028792
1893876
2139817
1763822
2057075
1920012
1904230
1794458
2046570
1419842
2077457
1748257
1408763
1952028
1985728
1855274
811948
1813042
1939706
1889079
1850862
1885413
1844736
2099006
1808925
1904118
925261
1849137
2147375
2085359
1754382
416719
2066221
1783693
1866983
1934686
1751538
1788644
2022054
1746436
651006
1805100
1868728
2012401
1187781
2025951
1717533
2032450
1868358
1849341
2037767
1697518
1010992
1911550
1897554
1111618
910058
1770671
1863466
2079904
1723105
1938234
2004026
1981688
1704348
1788943
561722
796826
1633866
1659467
1798162
1838646
2051065
1397832
2084060
1977030
1751058
1866703
1870935
1397643
1894877
1900514
1105266
2008363
1916285
1846677
1937381
1875503
2084026
1880072
766655
2134899
1898617
1580594
1945582
1728548
2115140
868652
1937756
1890715
2041591
1726042
2137706
2052978
1759847
2081606
1271718
1788939
1888769
1740626
1120795
1134669
2023140
1770758
2028166
541546
2094730
1368404
1789372
2053305
1879976
2012023
2025539
1812755
1029591
1812298
1558526
1886706
1811043
1724495
1655949
1958935
1470723
2097599
1880259
1759673
2086208
1873285
2087044
2038829
2044662
1894849
1670488
847648
1977298
1643126
1079652
1966073
2013109
2024857
1064735
1172015
1878322
2015821
1859322
1485606
1986876
1889017
1856763
1889202
1423058
1918729
1734103
1756671
1693310
2160610
1918622
1678056
1812989
1837847
1818629
1580203
1923251
2093926
1936860
1786165
1907694
1635823
1976124
1227902
1723196
2000939
1934009
1540811
1687084
1855047
1867950
1771472
1632876
1783108
1969730
2007857
1928448
2051835
1936584
1930300
1595850
1978407
1857329
1965123
1483009
1778366
1887964
1511008
1867859
1988732
2149243
1311941
1494327
1306461
1759729
1841734
1971162
1692926
1853651
2035811
1765617
1907870
2125044
1477169
1942799
2008761
2004111
1972518
1885830
1950014
1902278
1462559
1873578
1051092
2004615
1737565
480492
1407936
2121057
826082
1913347
1888593
1616499
1857169
1721944
1897551
1633221
1963162
1687402
2089081
1743472
1900133
1791046
1667710
2120580
1732626
1821468
2168355
1776525
1815602
1994240
902888
2087849
2044348
2054122
1948859
598573
1786568
2151206
2094985
326461
1928724
1860224
1842671
1743478
1910399
2092449
1882189
1690933
1418349
1761978
2154145
1789354
1719048
1033472
1658696
1991028
1979046
639179
1101023
640305
2123543
1960860
2111360
1296162
1759559
1983939
1955050
1832599
1742382
1717598
1674871
2078439
2118494
1721994
1902848
1855321
1940974
1698707
1939776
1815708
1856137
1988612
2126862
1864493
1727891
1775656
1903584
924508
1687393
1166028
2108862
1751325
2145186
1714963
2029081
1622694
1807631
2086729
1859605
2110529
1769873
2006522
2023741
1887638
1572674
1841988
2041478
1986830
2117782
2067467
1761002
1858396
2054615
1772651
1747020
2110197
1925743
2135079
1916150
2125862
1855737
1834533
2091775
1860175
1900263
1972391
1380309
2108323
1611226
188472
1956692
1785699
1972824
2085087
1933890
1536207
1778496
2036995
1431774
1971609
1291115
599446
1950971
1899277
1870348
2085020
2088071
1379985
1996695
1890539
1931476
1622665
1818360
2076391
1887206
1804775
1655808
2046342
1597404
1928563
1850921
1278683
1830679
1963742
1841355
1689443
1981110
2084559
2022658
1224013
1590324
2023431
2011387
1790993
2147193
1872084
2021033
2005690
2169204
1976228
2023123
2045075
2144555
1713118
1848363
1857031
1744376
1908844
1495810
1114344
700486
628446
2088232
1868562
129658
1893090
1983598
1933048
1869763
2061718
2148303
1990791
1806527
1959733
2091778
2053574
2070468
1158628
1094322
2005815
453523
951273
1696997
2020624
1688927
1824313
568961
1961109
1771677
1264121
2052931
1978017
1852279
1801386
1703288
1833965
1857517
1902483
1866317
366512
645301
1875471
1304666
2059671
1993224
1750040
1885380
1809062
1504271
1726067
2044774
1999339
2017321
1901212
1881387
620877
1978817
1963708
1731984
1756743
2072347
1918218
1822739
1726109
1959959
1913459
955075
2093123
2096929
1742738
1816676
1927451
1916692
2065865
1942218
1139542
1771114
1252675
2093101
1072818
1995641
1959806
2121355
1593906
1740952
1897404
1537107
1860533
1945143
1865454
1927181
1916012
1799400
2053357
2012662
2032825
2078163
1901099
2102891
504777
2114428
2120841
1884753
1856786
1455731
1826975
1804817
1958665
1791297
1821940
1987831
1811874
124556
1766012
1981845
1180927
1830506
1729848
1834785
1786977
1944121
1853363
2049745
1318431
1660169
1653940
1998802
1734056
1966708
1918243
1984005
1837608
1929311
1692335
883672
1727195
2067583
2045670
2004442
1808152
1721770
1653606
657204
2053386
1924231
454644
1822359
1163967
1859516
2145826
1870672
1487402
1887236
1859134
1769017
2018522
1908258
1558484
1863460
1332150
1685967
1767475
2036300
2052686
1739319
1887079
1636208
2108632
2068972
1020101
1980200
1214619
2136340
2091576
985131
2025369
1883608
1908474
2097061
2029654
2051515
1869533
1559358
1345256
1877468
1528284
1592433
1438258
1883263
1921553
1820755
1994976
2004073
1783491
1969446
1393858
1794628
1877583
1558881
1907238
924673
1888684
1971892
1769569
1622332
1614553
1940162
1775866
1929397
1669274
949602
1709954
1993694
1948591
1932837
1459539
1112873
2046925
2055265
2006091
2012993
2099440
1960479
2042767
1626036
2025308
1808066
1584395
1888937
925550
1711383
1901579
2032501
1848847
707059
2039093
1980597
1890529
2025208
1899060
2108585
2029961
1480868
2059122
1153959
2017708
1850594
1781824
1890699
1857409
1816086
2016464
2019978
1737067
1688064
2023932
1951525
1927968
2100759
1738980
1919476
1724528
2086080
1551974
1538237
55119
1740291
2103039
2123356
1727694
1831232
1999447
1269063
1957177
1891622
1962727
1861527
1502535
1997071
1347388
785482
1773106
1862561
1955325
1836844
2040918
1794838
2054827
1327622
2077692
1399646
1909824
2121359
1985082
1775243
1939330
1944267
1969979
1780245
1749695
1770207
2054938
1717491
1975613
1639425
1996396
2063704
1962193
1446763
580151
1922691
1931924
1986096
1608039
2141805
1816410
1867828
2080239
581065
1852868
1749924
1876954
2040038
1889476
1191707
2025809
1961181
2083404
2001802
1790796
2004898
2050081
2096660
1798615
665713
2015098
2127697
2114673
1766945
413901
2135153
1054988
1775363
1902611
1871513
1362919
1928253
1857924
1114801
1843515
1811830
2072915
2012893
1864130
1622277
1751055
1707295
1749850
1816952
1527687
1527006
1601336
2049319
2037623
2097026
1658811
1688357
1850429
1463818
2120820
1661712
1760130
1667401
1869260
1672890
2141336
2157739
1882413
1750705
1964319
99076
1921883
1857720
2121405
1827765
2090056
2104337
1864187
1684158
2126891
2018171
2028085
1976388
1896584
2043616
2111596
1566187
558091
2031251
2013441
1441157
1975655
636959
1907609
1593057
1560037
2060652
1365121
555143
2105540
1958128
1681655
1875022
1836209
1841216
1635639
1799504
1469689
1921824
2007127
733396
1699249
1231781
2075045
1550463
1818193
2114417
1889263
1950547
2074170
2095168
1794217
1145494
1859338
1895668
2036533
2027343
1769914
2053621
1737085
2072490
1972778
1773707
1123559
2100674
1781376
1469084
1966112
1992352
2012078
2048346
1890007
1993280
1521771
1643222
2069053
1844663
770713
1233573
1988558
1723318
1598762
1751193
848100
1402604
1862991
2156751
1744829
2134939
1991774
1795318
1774999
1681859
2145065
1585728
1842979
2018962
2051322
1950297
2024427
1821893
2043540
1932262
1306479
1940058
1503387
1888258
1802351
1592535
1115790
1839405
1828947
1618360
1911346
1630274
2064221
1632443
1627187
1823014
521900
2152939
721015
2047786
1916844
1960360
1777533
958656
1992425
1996278
1709601
1794132
1486230
1107782
1996592
1778795
1804117
1823936
1522743
1971796
1832846
750284
2079191
1690845
2062422
1877252
1761846
2135594
2021899
1964791
1980658
1981892
1806231
1844881
1949847
1835831
1863178
1879379
1943645
1980266
1927366
1510821
669191
2036274
928947
1731430
1871425
1750629
2039084
1816895
2069664
1591530
1446737
1276627
1805569
929130
1987793
1976303
1391695
1982229
1886850
2024729
1799424
1541167
1734003
1951495
1916424
1867887
1824378
2124862
2007385
1799451
2114635
1403266
1840883
1909993
1753872
1927437
1565421
2013740
1833202
1725859
1368755
1920170
1698303
1998016
2060198
1964272
1844548
1791812
1627253
1786226
1929861
2003323
2029440
1901325
1875344
1760432
1869159
1306775
458563
1853528
1561508
2123532
1872708
780250
2122261
1718408
2018033
1825672
685539
2023603
1930716
1464008
1168331
2094450
1897431
2108381
729195
465326
1731683
1762615
1804625
1709368
1689042
1791490
1381405
1693773
2087076
1691609
1599667
2105573
2123291
1708342
1659184
1316855
981723
1769185
2018596
2068007
1937650
1860204
2116681
1031888
1912477
2132337
1691640
1161281
1781620
1488069
1883219
1783418
1765650
1952995
1593971
1837174
2017653
1086533
1843529
1274616
1800578
1867212
1939725
1520641
1898163
2057787
1743911
1956417
2125132
1962999
1341980
2165555
1563741
1988057
2019845
2090773
2015117
1734430
2065772
1538278
1259129
1579034
1598479
2046487
1937881
671722
2068091
1773829
1987662
1929434
1814145
773708
1176385
2064798
1814819
1984720
1893909
1772110
2041044
1753164
1751329
1612932
2047520
2127635
1110967
1992691
1876784
1751046
2010557
1774068
2116784
1899810
2036508
2074446
913426
1816401
2054980
1522485
1638064
2129939
1486139
2077597
1767596
1964790
1417637
2146215
2079089
665771
2095318
1470956
1950477
943788
1423969
1411613
1901630
1766740
1861290
1218652
2145703
1431953
2051452
1761048
2044583
1869172
1583685
1938648
1961904
1901511
2095740
2117864
1919663
2061362
1062817
394927
844655
1907725
1850691
2000369
1977202
1600004
1646502
1795771
2102464
1837538
1882223
2078652
1835768
1872527
1988996
1733246
2038222
1849271
1773145
1726774
2104931
1449452
1737620
1946387
1243497
1964641
2138433
1266934
1182067
1738194
2140371
1940294
1702088
1983503
2075796
1943533
2075192
1938132
1783863
1930751
1826183
2084590
2134493
1889111
1302654
953252
1921679
1990448
61676
2051843
1836158
2111859
1068977
1794071
1866417
2107722
1923443
2027897
2097800
2074430
1779463
2031223
1707712
588965
1689665
2076534
1924164
1971143
1743706
1750318
1463070
1694476
1905733
1915743
2063919
1748951
1580891
1083786
2099784
1725902
1826134
910620
1885281
1772712
1957020
1839513
2031418
2089658
2137545
1190854
1965058
1845770
2102240
2166761
1930116
1885207
1789857
1125563
1868798
2010117
1745001
1815435
1726464
2128926
1768029
1582906
2003700
2116200
1576010
2013708
751222
1825665
2069001
2057584
1248246
1904641
1942294
2046604
1998409
1985241
1613252
1799136
1796615
1432534
1229030
1865269
1957149
2043194
845983
1077335
1911906
1880080
1622611
1068835
1155202
1864162
1716805
1086007
1351725
44475
1966817
1171259
1671162
1804015
1881172
1960341
1912114
1835599
1977151
1673628
1216701
1830658
2010938
2075704
2106026
1923328
1788470
995800
1699922
1956376
1842903
2114113
1743368
1908399
2040467
2073006
1992384
1994823
1853416
1965533
2061750
1046607
2051341
2146011
1554306
1787345
878749
2009040
1799512
1963525
2106542
1794676
1348239
2117386
1589921
2141506
1585350
2072118
1698956
1909974
2092486
1986520
2093565
1963631
1829269
1759381
1990381
1843753
1915611
1941767
1912139
1419506
2098977
2056481
2136432
1974447
1900602
1784434
1909434
1873003
1725779
1712803
1994007
2014951
1427458
1717748
2020349
2121836
1837942
1855532
1918238
1221032
1761797
2130981
2161795
2029508
1882321
1743421
2011719
1803357
1517513
1806134
1892585
1757985
2053855
1819682
1901736
1002377
1799181
1833566
2077229
1716396
1325076
1756167
1062625
1970966
1849967
802390
1983752
2000935
2028974
1893612
67169
1984197
1782485
1948229
1929568
1953987
2078794
1975204
1072567
1854781
1997201
2085030
1152650
1705982
1809920
1740038
1883515
1780278
2080547
1802768
1802079
1988616
1865663
2090594
2094154
2159262
1631530
2042457
1648167
2095978
2045772
1393977
1629388
1996262
1836849
753575
1828466
1844057
1779237
1720864
1795159
2078121
1936604
1462353
461946
1743736
1839149
1224663
1964340
1772207
1694204