665713
2013835
1866641
1936860
862544
2166403
144609
1807662
1991630
1960735
1682809
1529523
239964
1882387
1923596
507416
1738992
1865576
1964791
2122246
1395192
1829285
1238745
1122590
1872426
2165900
671722
1934901
1776667
2001969
2022599
2143329
1819528
569405
2069053
1924665
1962244
1791220
755844
695583
2080314
1845870
1992125
926593
1904099
465326
2120580
1616787
1720462
2031418
1767405
1742738
1886047
2089713
1991013
1919524
1755884
1888901
2032354
1894503
1066133
1993043
1756364
2000801
2112649
1850895
1257547
1698707
1732743
1835773
1702088
2017887
1972957
1440921
1731620
2070276
1901824
901873
1335568
2155906
1675457
1803357
1785125
1402925
985131
2006235
1812989
1075607
1777388
1502690
1464988
1854815
1717748
1861454
2076391
1960479
2053899
1918208
1949006
1792033
1595170
1563407
1888753
2128167
2099816
1531850
1671241
671592
1902611
2107071
2136432
1760971
1938648
2038527
1970773
1979581
1909993
1921883
1427458
2120483
1885986
1798752
1761555
1959646
1871189
1948471
1976228
1391695
1953900
2020475
1963587
1969618
1812908
1726530
1935191
2090594
1248246
2037072
1235246
1751055
2141386
2116935
1929270
1964321
1966708
1812644
1952193
2020210
1874860
1802462
2116784
1946487
1713396
1785707
1906004
2033133
2007371
1674622
1239671
1955597
2004114
1776731
1971447
2071805
1942294
2031429
1711133
1745107
1736615
1762209
1849604
1841734
1232750
1759165
1957138
1960126
1884175
1838789
1968571
1719266
1881301
2040420
1653940
1744478
1260907
1940374
1909904
2043540
1904642
804107
2164125
2101474
2125627
1808095
2123851
2054938
1289795
1324319
2056867
1166091
2095911
1778469
1650550
2030005
1451716
2029964
1944103
1987378
1020101
2127333
1756255
1954897
1766513
1968652
1791083
1705982
1897440
2117782
2066673
2152376
1402613
2146646
1807327
1738425
1569170
1961604
1935954
1761527
1783863
2067469
1899277
1931115
1955023
1347862
1518924
1871615
1861782
1671244
1699249
2158286
1819682
1931978
1904755
467816
1923862
1722335
639179
1976387
1796476
2011396
2045182
1868562
2121944
1927752
185138
1680649
1708342
1909988
1978614
1851193
1988558
1843362
1959309
1962117
1152613
1867212
2102237
1833326
1606633
1998687
1748408
1232822
1904321
1867887
1890927
1975164
1622694
1900494
1897084
1880080
2074009
1159165
1959301
2079693
1530752
1784434
2013740
1703768
2002137
1919493
1854608
1956004
1923055
1827008
1782023
1997201
1759096
1730492
1672422
1780176
1536207
2129939
1202314
1827013
2011447
1888808
2025308
1946710
1671903
2129385
2053499
1380255
1932265
2056138
2153673
1654140
1587090
695601
1778496
1952028
1757985
2034520
1860175
2026188
1772110
1739969
2111968
1968284
1966073
943788
1367731
1906746
2111134
1229831
2082231
2082478
1791677
1799396
1919170
1974817
2026897
2044490
1673971
1940465
1368404
2072445
1866031
2021026
1997188
1603535
1976388
1959708
1976706
2017836
1848856
1732086
1913536
1905733
1932508
1190854
2157900
1847694
1813911
1830890
1801151
1844663
2072347
1869763
2134493
1403099
1772420
2045471
1766532
2114653
2107491
2001937
1814464
1576656
1208452
1959652
1918215
1757266
2119265
475183
2154609
1789221
1992631
2036508
1892271
2085974
129658
1806242
1885174
1812737
2018309
1889529
2077934
1884877
1972745
1296162
1850697
2019918
1807947
2114542
1763944
1955591
1939706
1726797
1983006
1907725
1704375
2014464
2017408
1840413
1779535
1009084
1621830
1276627
1795159
1939725
1039456
1432116
1435435
2114925
1942425
2006091
2082024
2011719
1794186
1843127
1673548
1804625
2097529
1885005
1707074
2039084
1032718
1769587
2090964
779226
1894482
2095389
1614880
1536540
2106427
1178351
1744732
2068331
1686988
1761150
1868545
1751746
1559802
1779800
2073247
1899573
1115790
643448
1861042
1934618
1917389
2034081
1997683
1972174
1722797
1871558
2088194
2145705
1837666
1893090
1774512
1304499
2017801
1911528
1607533
1349838
1342805
1997962
1544600
453523
1884182
1846890
1616670
1545844
112171
1767596
2132914
1827917
2072915
1844677
1868728
2113940
1894317
1440919
1081656
2035723
1632819
1964088
1688927
1845899
1953393
1887206
1094322
1477099
1885359
2048186
1984028
1990406
2026147
1915703
1801217
2037767
1949511
1941380
1675797
1997071
2007385
2040231
1721944
1825443
2077457
1858370
1818209
1781523
2087163
1883457
1085375
1235834
1956692
2066973
1779254
2025659
1799538
2033493
1886395
2048954
1256369
2078790
2128926
1531489
1845476
1720864
295458
1980480
1833194
1910958
1902232
1930737
1765365
694436
1731867
1703061
1830796
1931438
1459539
1576531
1558304
1974688
1866994
1759673
2115704
2141913
1906151
1807404
2082657
2128545
1521771
1488069
1699323
1518121
1968445
2115009
1726042
2138244
2096745
1973616
1062298
867748
1583832
2088071
1752237
1891622
1800142
768281
2051322
1913347
1592535
1939776
1805943
2037623
2116750
1614553
2085020
1891836
1764690
1570536
1789982
2147193
803906
1916012
1953987
2102767
1826110
1880288
1811364
1917139
1842979
2123652
2034609
1187701
54360
2047330
1923104
1732413
2025601
2039403
2052201
1513200
1848246
2114543
2023751
1503387
1816890
1801100
1680764
1072567
1691734
1987662
1797993
1864545
55119
1682452
1925530
1909974
1724194
2085657
1681612
1553302
2068019
2088568
1983868
1065704
2064950
529279
1541596
1541648
1783147
1933048
1782440
2000935
945848
1233573
1248921
1789553
2119565
1955038
2020874
2157319
1037658
1945629
1785619
1633866
1679792
1799512
1506877
1272851
1876230
999432
2009380
2115893
1635639
2155556
1827006
1698626
2080593
1924231
1959889
1199839
2122738
1950971
1208497
1689443
1972752
2163995
1879772
2007277
1752304
1771017
2087450
1824341
1900602
1794813
1159342
1559330
1966382
1957149
2125289
1966714
1890521
1755763
1869159
1669274
1770758
1904848
1926110
1851948
1754192
1997765
1927968
2035554
554493
1754504
1954433
2046604
2048902
2017044
1807111
1296201
1988729
1926251
1845105
1884234
1850429
1827765
1827862
1496445
2127811
1785595
1772712
1923942
1460752
1975684
1808565
1695872
1711193
1711751
1864947
1933432
1434835
1823506
2039093
1927304
2106268
1233048
1823230
1890591
1839749
872940
1819588
2011128
2054500
1978984
1942086
2122261
1688357
1905308
1792919
1954936
2022917
1820504
1908844
1898835
1552741
1974195
704152
1777893
1912365
568961
2102434
1940328
2075045
1841216
2030181
971144
1784288
1756776
1234926
1585962
1744031
1271718
1954777
2145826
1774999
1923744
1976366
2083809
1692335
2120841
2020261
1756634
2021984
2160829
2047520
1698303
1704256
1057081
1479741
1922929
2033808
1950964
1784332
2096660
1900722
1975566
2163558
1810031
1941061
1839959
1777727
2048946
1664855
1931476
1775997
1446737
1981110
1692926
1906318
1590324
2061188
1341980
1574589
2080041
1265570
1812576
1860299
1906618
1922691
1917736
1896680
1495810
1828499
1863494
2087883
2083248
1835599
1788647
1769185
2081299
1899060
2089891
636959
2150213
1993411
1801349
1192367
1915183
1722410
1874409
1999447
1454009
1948306
2115460
1564921
1926113
1893612
2013441
1831503
2140843
1749630
2074062
1976687
1388481
1840707
1928448
1176385
2085111
1912505
1807333
2076659
1962243
703004
1902178
2065772
621278
1877657
1501157
1792768
1445309
1714935
1988616
1853621
1897664
2006820
1917288
1528284
1854781
1393858
1743372
2119567
780250
2038628
1888937
1532199
1052779
1908793
1791297
1904207
1805100
1942245
2067583
1641079
1183275
1948165
1774517
1964319
1817231
1880596
2000017
1879684
1802768
1091356
1842792
1791022
1717533
1973361
2096929
2053855
2054615
637233
1403602
1953513
1547267
1002932
1773164
2047777
2052950
1788341
2103722
1921680
1946128
1899659
1863492
2123901
1788819
1720775
1836158
2160625
1374104
2113936
1745746
2106542
2111658
2131561
1810651
1939330
1963051
1563258
2132107
526397
2118121
1911906
1933416
1961364
1843240
981267
1804817
2129095
2119554
2004111
1536560
1954509
1894128
1978135
1669850
1814962
1966269
1773437
1995284
2016209
1972668
1958087
1950038
2076400
2131670
2060198
60228
1602283
1908573
2153935
2095318
1264121
1795703
1825848
1956376
1818629
1751058
1796943
1900478
1789527
2090056
1761238
2050003
1185696
1929147
1829371
1968973
1783510
1782195
1891367
1985728
1923261
1855686
1883608
1764157
1821381
1878732
1928041
1922598
1888925
1722821
2119039
1813910
1974446
1781824
1865630
1730593
1794190
1980599
2142850
1892180
1832846
2112170
2128408
1992686
1931986
1399646
1771472
1796694
1107784
1730476
2130360
1928719
1227902
2108323
2001463
1987309
1975757
1867950
1945383
1906832
1901056
1789584
2036440
1999116
2073289
1777896
2030991
1753342
1881442
2013539
1949230
1834956
2031331
1958665
1849886
1827134
1561683
1763358
1610997
1972268
1626585
2003122
1993035
1219288
1841988
1813016
1864856
1734513
1756775
1666473
1248923
1865199
1868330
744508
1133651
1888967
2056790
1522116
1860670
1682383
1812144
1804743
2124429
2063919
2147857
2097061
2015980
583171
1750011
1751329
435430
1823639
2140809
1865758
1895485
1035651
1792394
1836848
1920128
1629226
1800520
1795690
1751794
1890214
1895334
1934083
1963905
770713
326461
532375
1337044
1668023
1984492
1002377
2034033
469679
2045127
2057420
2088553
1703912
1818579
2105369
1739205
1890758
1173557
1942860
885995
1781561
2138153
2038365
1997922
1988411
1849063
1727195
2053849
1064735
924823
1481197
1893323
1590788
1940073
2091981
1884903
2141997
1826034
1865161
2135598
1650003
1887964
1879516
1732117
2008429
1912417
1871812
1736165
1011935
1959074
1934859
1834533
454644
1785169
1820929
2127635
1740626
1550926
1899013
1896678
1712457
1707712
1828864
1822689
1691640
1799692
1962820
1973407
1964936
1893876
1731654
2070293
1858338
1738980
2007199
1910531
1112873
2064100
2145703
1862321
1788939
1694204
1751800
1909163
1201925
1911093
1900450
1822454
2102497
2122792
1911933
2078131
1769914
1898062
1771093
2156751
1819997
1920560
1923211
2091265
1871489
1902483
2036300
1885719
2136342
1756375
2004390
1604962
1216732
1827104
1689627
2100951
1834058
1792060
1847364
1974205
1711401
1749963
1785022
1929712
1912477
1906963
1582948
1996396
1541456
1989721
1828466
2164814
1901325
1765605
1843753
2061745
1849171
2046690
1986250
1909798
2013931
2116801
1918141
1168331
2051341
2138766
2019582
2056247
2140390
2133633
1748257
1937881
1680342
1918519
1855047
1684582
1009840
1472132
1420081
1971689
2013873
2072888
1597755
2086569
2165456
1842825
1285340
1779623
1970226
2106614
1669080
1967567
2129161
1788950
1691743
634468
1973536
1950547
1820635
1589537
1827378
2011387
2142236
1802803
1266351
767103
2105765
1421545
1748794
1975613
1931211
2017400
2102240
1745894
1613246
1796440
1992659
1778120
1909723
1779730
1890529
1955942
1944267
1656365
2067605
1865696
1606431
1956393
1880372
1759891
1771665
2134741
2150054
184710
1933724
1854710
1926071
1806231
2153960
2062263
1659467
1916424
1825665
1929568
1733366
1815708
2155847
2130981
2045441
1054988
1770429
2088028
1980176
1933015
1799451
2105573
1869260
1894582
1897775
1743736
1636932
1965867
2072324
1774643
1651869
2045670
1580891
1491498
2019770
1897201
1598479
2001229
1739922
1797787
1800516
1570188
1588958
1875634
1959733
2065865
1968277
2036571
1928478
2093768
1758878
1847155
2105129
1876775
2038829
1449460
1910934
2167438
1738194
1799253
1949806
1869572
1884753
1926366
1374578
1886706
1719062
1842682
1707295
1962999
1965582
1343047
1980358
1864461
1873578
1899574
2058235
1611226
1329463
1380791
1845223
1788943
1835580
1798875
1823153
2025369
1977606
1031196
2076193
2020125
1799094
623502
2054648
1748358
1524066
1784342
398134
1671162
2072681
1842041
1721490
2061764
1105509
1908258
1248914
1817644
2112934
1944406
1973329
2059835
2019871
1965058
1853971
1652458
1983415
1729077
1756107
1426534
1402604
1796491
1414012
1825774
1900700
1796464
1913307
1005234
1790796
1684004
1763702
1989866
1917250
2005921
1584395
1716805
1762468
2098718
1263883
1900133
2047070
1890539
1796422
1896189
1887777
2000770
1742153
2015821
2163458
1949019
1833048
2022121
1875669
1726109
1361516
2097428
1912655
366512
1527363
242574
1923094
1541167
1752211
1857073
1580043
1569809
1719377
1821966
1878995
1727379
1778038
2105510
1969979
1312103
2004646
1585323
2041830
1729199
1822780
2093110
1911208
1711383
2102643
2122513
2085344
1950409
1727126
1694843
1737620
1043653
2023741
1956332
2031371
315341
1781201
1988732
1934280
1959959
1674865
1927224
1289692
2032712
1874060
1811717
1969730
1774311
1661105
1021672
1887426
1869172
1889111
2069690
1697475
2108381
2002731
2038622
1769889
1956695
1694166
2079368
1962817
1791812
1791832
2052920
1844548
2051546
1960651
683291
1508396
2017251
1686994
1868761
2067302
1881554
1938336
1935233
2131700
1794850
1824826
1897554
1761979
2108585
1833566
1741321
1827115
1633226
1959361
2138103
1863179
1813733
506043
1180927
1933127
1928563
1846313
1634933
1881387
1602124
1304666
1987556
1814840
1859490
1462432
2121495
2142199
2106715
2127697
1790957
1716336
1970218
1747608
1864538
1928050
1894823
1828485
1776078
1836456
1790635
1768649
1439847
1999080
1852192
2079507
1956417
1947889
1808066
1950809
1745709
1928730
1491694
1707723
2116342
1765724
2079191
2083188
1731078
1593107
1529722
2007968
2074704
1743911
2120661
1907777
1939237
1843213
1373545
1839513
502745
2097827
2029582
2104350
1985133
1816086
1978594
2088600
1278143
1963742
1455731
833150
2042813
2024419
1918646
1997707
1891706
1878591
1699001
2099263
1837663
2116067
1928339
2136340
1961314
1308099
1314196
2136263
1988438
1938132
1696523
1936468
541546
1593601
2027937
1912881
1265151
2068091
1884293
2042835
2131197
1889708
1490712
1801396
1942404
2159510
1810591
99076
1818355
1956925
1584725
1973219
1904118
2116670
1883951
1598762
1915743
1324742
1931752
1938125
1934207
1903575
2115089
2093442
1958128
1865731
1796023
1798553
1762719
1835637
1375449
1885830
1730072
1813840
2099195
1813053
1922591
2114541
2094934
1551974
1599667
1930803
1158628
1813945
1907046
1968108
2095787
1989856
1724528
1754697
1982768
1962695
1916575
2143679
2007857
1976837
2067629
2008002
1585364
1984491
2140531
2063140
2142892
2002789
1741221
1900379
1794458
1907639
1829281
1770122
1949669
1984688
2011549
1903658
1591848
1941899
480492
1857695
331058
1729705
1955177
1748367
2117864
2107464
2134284
1952148
1898592
1688539
2080547
1807003
1899665
1748483
2069665
2008589
1202004
1755294
2002141
1855684
1113145
2095978
1927451
2135686
1733189
1981588
1922323
1742131
1957205
1999609
1850922
1964612
1974015
830461
1590114
1944121
1200888
2091456
930707
1948042
1795166
1767514
2080180
1907991
542478
2094450
1662046
2114673
2117555
2023932
1145494
1884167
1817150
1807898
1896707
1894015
1975688
1862160
1965977
1790590
1900600
2010438
1098732
1791236
1975936
1883219
1864043
2019557
1568720
1960602
941899
2029436
1891901
2079279
2058577
2097032
1963768
2040918
376703
1972879
1879893
2055189
657204
2089911
1723410
1213558
2033369
1580023
1703282
1816676
1997470
1979588
1524363
1797319
1756575
2019768
2029963
1765619
1833640
2006787
1916862
1269063
1856758
1776525
826082
1761111
1809888
1111618
1699993
2001123
1945285
2078166
2077597
1901511
1674171
1881219
2028708
746380
2152222
1644447
2083279
1942325
1878367
1763403
1912509
2095177
1999291
1730540
1964344
1993522
2014469
575247
1274616
1855274
1139542
1963631
1814110
1058344
1060444
1973980
2141702
1692937
2004174
1284504
1956799
1885198
1848202
1802118
620877
2081896
1926727
2007620
1711091
1706527
1845770
1856376
434305
1786219
1874516
1741640
2144786
1873172
1888803
1890961
923135
1221032
1822739
2079607
1777999
1633221
2075682
1817049
1953395
813270
2046487
1776682
1982558
2086467
1899428
1454753
825417
1770210
1820368
1100637
2039895
1977097
1826134
1805884
1999204
1712175
1994252
1687287
1888186
1973430
605435
2004026
2028974
1556521
762931
1907238
2141506
2154456
1824313
1811200
2105111
1915778
2013277
1601336
2049706
1937914
2123126
1813899
2071574
1750544
2025404
1898578
1698956
1907219
1713927
1800829
2128157
1789863
1307006
1151675
1909434
1743778
1318431
1823663
2049474
957741
2035256
1803507
461946
1750539
844655
1854244
1838808
1981975
2018033
1944151
1697103
1882189
1740706
2066904
1954171
1792895
1672239
2153936
2072797
1879379
1501294
1850417
802390
1724495
1650817
1225907
2089449
1931730
1801499
1971147
2102670
1888909
1877490
1971670
2010002
1910322
1386859
1837847
868652
1639985
1799071
1865269
1551970
2080223
1276389
1799685
2031251
2032327
2020624
1891871
1805752
1703958
1985705
1894276
1777519
2083198
2054995
1908891
1767449
2147375
1729062
1689938
2141127
2086737
1793818
2062284
1954877
1889234
1792551
2051504
1978551
1836859
1728269
2136372
1749282
2119590
1826534
2002773
1894970
1930291
1376308
2055029
2102464
2002631
2053146
1918070
2023867
1713925
1670295
1966742
1529875
2005745
2025996
2058430
1996695
1804062
1749962
1771677
1588927
2051106
1182067
1753715
1616800
1734862
1210567
2159896
2022054
2108845
1762615
195958
1853618
2112905
1774120
1514712
1909420
887462
1244367
1992174
1554306
2040705
1816410
1622207
1850921
1672200
1658696
914862
1054598
1904641
2038222
1891721
1404019
1992352
1813106
1877468
1833904
1803919
1630274
1379439
1870950
1743292
2023876
1597526
1901201
2009461
1306775
1812360
1966286
1999090
1986961
1751916
1855532
1123559
2045738
2123197
1754642
1702721
1720248
1846430
1709646
1546475
1929434
1684903
1965123
1536608
2035817
1565421
2099411
1993734
2031329
1962193
2029608
1862516
1830159
2093565
1240175
1911312
521900
2088537
861281
1909072
1638125
1841846
112651
1973085
1888693
1971892
1660169
1708547
2156286
1799740
1937381
1285325
1760336
1718486
1812755
2075714
2154145
1924982
2049777
2117622
1763568
1886250
1794607
1992645
1768231
1773082
2077958
1880396
1767845
1864346
1713615
1888201
1235310
1593278
1838000
1866973
1700983
1827997
1903538
448507
2006618
1834785
1112025
1884924
1816835
1856137
1795383
1936253
1740159
2098843
1910614
2139817
2031858
1949537
2051628
2114056
2090345
1723196
2109476
1987540
2019194
1567000
1952041
1872077
2014990
2023705
1859338
724949
1936331
1837704
2032450
1968286
2135594
1767840
2132993
1888841
1559358
2053386
1777467
1789435
1462559
2063899
2160610
1991315
1460209
1818913
1766221
2121315
2014951
1775229
1884411
1809033
1904397
1822334
1761978
1977083
1992384
1841266
1956399
2087266
1866417
1938528
1128923
2085557
1765718
1762728
1818924
1670541
1091146
1765297
1011739
1976932
1755557
1969233
2090055
1902790
463971
1938923
1800225
2136811
1892718
1748951
2069540
1933890
1864481
1736636
1727626
1483009
1930121
1888886
2023603
2096572
1096826
2055228
2029130
2124805
2120912
1850473
1920572
1835768
2069920
1956641
1309565
1703288
1888573
1763125
1633773
1935338
1906638
1873682
1927026
1757335
1477169
1953850
2028307
1908229
1813822
1941767
1900598
1938361
1919502
1857424
1654327
1280192
1432593
1888928
1930425
2147047
1565681
1850691
832889
1775596
1152507
1846855
2070482
1005463
1801203
2157739
1993798
2078250
599960
1735531
1901755
1153119
1871717
1964651
1961562
1843271
1750286
1862561
2076534
1863429
781732
1778557
1826389
1925865
2082895
1868358
1881739
2156790
338251
1895514
1885413
1821116
2112357
1989257
1917315
883672
1916342
1936884
2115769
1932262
1680741
1991830
1532007
1934147
1897932
1919446
1756584
2066130
1914391
1569753
1951495
1907870
2007303
1821864
1280853
2057787
2132895
2022063
2124862
1521349
2104289
1864739
1912643
1700193
1742496
2103634
1935971
1745001
1701335
1068198
2166474
2121687
322061
1835785
1911884
1910399
2023031
1745782
1351724
979140
1848888
1558024
1803990
1937520
1450701
1974048
2095029
1699721
1889288
1865694
1152650
1577028
1464846
1945217
1716004
2029970
1596272
1940246
2141336
1642834
1864567
1998347
1894868
1769121
1717042
1787808
1011706
1918241
1957896
2121312
188879
1726067
1789455
1719687
1698855
2052482
1693773
861860
1897287
1738163
1958718
2100674
651006
1916702
2089653
1708332
1882550
2047321
2052686
2075704
2062486
1896273
1915102
1431774
1872084
1764363
2095363
1984005
1758678
2027374
1799410
1786165
1882660
190793
2021201
1783234
2078121
1662608
2027343
2106026
1231755
1876986
1487402
947426
1890055
1775662
1852279
2138532
820192
2074627
1774068
1528667
1345256
1188253
517997
1775018
1996721
1948103
1697508
620008
2033330
1671792
1840807
1918139
2041044
1723105
1875022
1991014
973421
1717491
2061362
1865173
1839010
1768259
1932072
1649024
1771645
2009830
1820163
1779463
1773326
1704348
2051449
1899486
1922828
1537104
648066
1923268
1789947
1741059
1596835
1126137
1709601
177154
1894374
1991420
1546722
649976
2043541
2037770
2036289
1622665
1820383
1839149
1635823
107834
2120822
1982293
2028213
1911120
1671360
804606
1894355
1768954
1697518
2103039
1849341
1820657
1784352
1667697
2123533
1862991
1828643
1840868
1602707
1762751
1990448
1902907
1816895
1661762
1436983
1774192
2008363
2115140
1937756
1794676
1161079
1740454
1914245
1877567
2091701
1620193
2164048
2056351
1930083
1928253
1756393
2075968
1905940
1981451
1881874
1985652
2094347
1979194
1873425
2026354
1632581
1748836
2103242
2079050
2052377
2172797
1786568
1614261
1289259
1763148
1988996
2029440
1214619
2045075
1795813
1864922
1877093
1898441
1782707
1244002
2104931
1903740
1838114
2044131
1761637
1640108
1902990
1731388
1992691
1981951
1747678
1196484
1937933
1295266
1998231
1983939
1726774
1858472
1866121
1732903
1916152
1948557
1415543
1897412
1780856
1866176
1672763
2027120
2054068
1823749
2074440
2056598
1906472
1113187
1825575
1964340
1841748
1867075
1979174
2113466
1734182
2034173
1997593
2006522
1812415
2063011
1946187
2054827
1557441
1585728
1733856
1835921
2009925
1799424
2044662
2088576
2043744
1703318
1947907
1749944
1980369
1853363
1476222
2026688
1909161
2053260
1892585
1832955
1510465
1687220
1766654
1961783
1719592
1940294
1343420
1855270
2139787
1417637
2101057
1743283
1759322
1661187
1949846
1736484
2148688
1308453
1686734
2005381
1938693
1804436
1354083
457435
2094935
1747020
1919661
1853528
1517513
1412956
1805257
1987536
1872708
1826036
1881638
1319473
1747889
1965533
1716912
2135326
1740698
1815468
2074430
1565050
484214
911470
1790039
620764
1936097
2019825
1219003
1800495
1707309
2003639
1789145
1895910
1988283
1790641
1979148
1855293
1987363
1783652
1629379
1866550
1874775
1739962
1765743
2117517
1799148
1842219
1176845
1478498
1863768
2071480
645301
1756246
1861290
1453055
2049745
1752369
1891236
1883182
1770198
1764374
1787345
1171259
1850702
1667482
1709368
2087136
2028338
1483232
1950064
1811904
2036533
2008871
1817236
2130241
1972368
1660102
1651943
1983505
1589006
2116200
2080713
1889263
2096568
810477
1922959
1711378
1804117
1927366
1911550
1766146
995800
1835087
2053574
1873063
1201290
1867828
1877583
1537107
1925608
1940162
16831
1895626
1189259
1107782
1946126
1671965
1896945
2016163
2116862
2012993
1912647
1959410
2043227
2043241
1960360
1775656
1893984
2132406
2008761
2060652
1339179
1791574
2025229
1839164
2079904
2030573
1994240
1860311
1754869
1983752
1773829
2035741
2124418
1187781
1741155
1569814
1827806
1805426
1938037
2039040
2010737
1847266
1116525
1945793
2078163
924508
1902951
2111625
2168705
1768029
2011243
1801593
2005815
1891882
2096026
2011669
1647703
1823196
1602254
1083786
2084559
1858396
1980142
1812041
1685967
1586882
1778490
1399648
290111
1763833
2025208
1776550
1919394
1733928
2129263
2015867
1802930
1880892
1800026
1795649
1907079
1792710
1938234
1980597
1301977
1950297
1785097
1872478
2122318
1818488
1845695
2086413
2059190
2053357
5918
2101848
2038102
1940007
1799320
1800157
659039
2069664
1979235
1219178
1601364
1910103
1960571
1539527
1888601
1638844
1864187
2147381
1960877
1362919
1223459
1347975
1737435
1665751
1974595
1988612
2025686
1856293
585451
1985153
1989072
555143
629994
1803803
1678550
2119924
1357330
1719598
1801306
1919169
1760432
542127
1832804
863309
2064233
1861375
2059122
1954712
2123381
1982229
1893052
1710002
1408257
1234363
2053664
1782691
1424956
2024883
1342866
2042726
1962897
1979046
1796025
2031223
890867
2011534
1911119
1409447
1878322
1847076
1832848
2104337
1990771
1929397
2097599
1725859
1731237
1938895
1318035
2113814
2011188
1884417
1913506
2036724
2032501
724793
2094723
1857779
1963525
2102891
1841114
2114750
1882756
751222
1942218
1729729
1847895
1845362
1909021
1982154
1861527
1937220
1888849
1987694
1889101
1828947
1899485
2074446
1873543
1863282
1973339
1693939
2114635
1719946
1929812
881775
1901154
2010589
1650736
2008940
729195
1012105
1952940
1889624
2019730
1867776
1815491
1824767
1806315
1814682
1920437
1947986
1734681
2046051
2120625
1036855
1382661
1845310
1994169
1746146
1707703
1844881
1939836
1880259
1887356
1796930
1934009
1161170
1993280
2058791
1881842
2114372
2061750
2127552
2017653
2062237
2062241
1939940
1672700
1572967
1874840
1856576
1844736
2089358
1972391
1966112
1798257
1808183
2099784
1754951
1543460
1792411
2048850
1786991
1644728
1951908
1799031
2117629
1832938
1723568
1866392
1229571
552213
979160
2044069
1871690
1902252
2104327
857226
2108634
1800571
1907970
1668029
1814276
2109584
1711971
1837749
1721538
1388112
1923328
1637455
1761390
1423969
665771
1965625
597000
1856043
1925310
1917268
2066875
1739319
1926857
2016750
1972324
1982752
1661962
1895733
1923120
973932
1431953
1794628
1903464
1779511
1980463
2037341
1952841
1558881
1595301
2134395
1819124
1332351
1842671
1540811
1029591
2072440
1790301
651710
2057584
1672890
1892797
1875476
1986096
878749
1392679
1749123
1918427
1062817
1622332
1668761
1864714
1325076
1653606
2094730
2122957
1943573
1270586
1619670
2112596
1536341
1894080
924496
1717807
1161281
288571
1599430
1858524
1334777
1906935
1806747
1703671
2052684
1901415
2069280
1971952
1472555
1775866
1992574
1915805
963383
419879
1857120
1849271
1853515
1363479
1904909
1966817
1778169
1769632
2085980
1767305
1191707
2109234
2043194
2076628
1086293
1818185
650639
1850943
1847110
2043442
1857169
1381180
1748192
2089518
1945913
1855499
1806511
1932837
1926740
581065
1811043
1838384
1795547
1939554
1770671
1662562
1860204
1951236
2050081
1786386
2141278
2028166
598573
1588514
1215136
1731430
1817020
2158145
1944822
1711863
450599
2056652
1825116
1821630
1323233
1774484
1983199
1892233
1686549
1821893
1853727
1062625
1562875
2034265
1763744
1674661
1992291
2117308
1779346
1848553
1733822
640120
1673628
1199392
1805569
1794200
1763822
1995918
1810487
1643222
1847159
1691083
2065214
1159527
1832484
2126878
2116318
1876493
2109078
1993268
1897276
1870775
1351725
1889202
2001537
2060600
1907694
1875624
1773707
2009899
2135285
1990588
1954702
1993224
2053104
666342
1791427
2137143
1712992
1889132
845983
1937682
1837865
1779160
1981688
1759559
1077335
1930300
2055099
1530469
1062960
1838778
2112194
1884593
1846589
2004898
2016683
1794551
1868727
1704573
2116689
1789857
1978820
1778235
1900011
1861863
1679293
1461736
1916692
1735006
1397643
2055608
2085087
1338625
1968814
1873680
1444495
1306970
1788470
1286476
1833757
2161944
1880505
2083675
1775001
1716853
1713487
916319
1698928
1311941
1954658
1828484
2023792
1914935
497378
2040083
1910705
1938268
2083404
2145273
1677257
1886586
1786977
1564483
1872940
2075692
2030387
2066269
1893909
657834
1570531
1740003
1911653
2117211
2063704
2068678
1836345
1925508
1575096
1573985
1626036
1955456
1953261
1831541
1936584
1400718
1231781
1771059
1919942
1963685
1953240
2096850
1763006
1996262
1825062
1408763
1556093
1801967
1673028
2138818
32883
1939761
1824429
1644536
395324
1786447
1726038
1840181
1784853
1951957
1681655
1772651
1777533
2074186
2025917
381779
1510886
1778687
1912753
1914777
1952225
416719
1579075
1529141
1302654
2006106
1972900
1375742
2095262
1607175
1527006
1873329
1831880
1490238
677195
1729109
2111018
1906993
2073343
1879989
1902708
2013708
1746436
1875338
2111637
1881232
2033504
2092632
1964631
1765650
2116409
1996131
1441990
2121167
1088609
1940274
2086155
1869329
1874490
2055504
1134669
1968798
1594562
1915504
1990791
1943533
1134892
1879663
2009607
1652193
2048064
2024061
2054122
1958935
1826637
1753400
1775525
2068755
1715139
1741965
1956864
1911459
2044872
1632108
1813261
1800577
2001802
1805764
2011950
2162935
1578719
1794132
1897551
721015
1632443
1613520
1690845
2033764
1920337
1622104
2127405
1998016
1915289
2062147
2087240
1441606
1835578
1784408
2074782
1951296
1877965
1737434
2015098
1876182
1991196
1312121
1903584
2103083
1968432
2073006
981723
1639425
2124050
2111683
2109226
1216701
1885507
1815827
2136934
2016778
1896342
1782485
2088304
2090182
1908440
1915611
2025219
1739056
1970466
2010238
1892815
2105253
1576274
1582703
1587095
1797320
1274973
2092449
689155
1865663
1647383
1882292
1500477
1914674
1916069
1952975
2040038
1871209
1732224
1421130
1938114
482242
2031314
435387
1818235
916639
2126891
1070119
1639652
2072174
1733209
1995451
1927762
1887133
1917699
1907217
1851935
1859322
1932767
176892
2153107
1905874
1958773
1935449
1776972
1790692
2025551
2052586
2011522
1983524
2091610
1861462
1587660
1159481
313906
1658950
1879592
2078875
1950674
1635494
1726464
1844742
669191
2032825
2102835
1939339
1777017
1755115
2144235
1750944
2051452
1319421
2091323
1873786
1941518
1780238
1448081
1565833
2079544
2041591
2030433
1889079
816319
599446
1818193
2126325
1474832
2031239
1940055
2158024
1823742
2076051
1955891
274289
1411131
1452407
2110197
1425901
1903602
1859815
1376887
2114113
1698284
1943617
2021170
1790761
1996179
1661712
1990779
1037725
1932215
1684830
2123184
2080113
2077955
1737067
847648
1823936
1705812
1557105
1733285
2083734
1153959
1864149
1828346
1699922
2005862
1873285
1879976
2031107
1788765
1959150
1999312
1743421
2059895
1909936
1714629
1837608
2020405
1809920
2144106
2033906
1828021
923851
1664204
2088564
1824077
1894877
2097800
1740952
1930556
1796008
2095242
1830144
2085286
1718774
1787103
1772603
2015808
2028947
2039280
1389954
2114044
499869
1821834
1751046
1516907
1925812
2123343
1856477
1248233
2109206
1744025
2135141
1818657
720329
1776379
1919118
1988811
1886627
1764078
2109635
1940329
2011555
1738756
1428709
1767895
1990123
1599508
2115723
1199234
1911070
1803517
2077692
2103497
1870931
1850906
1860224
1471618
856084
1806127
2026486
1928242
1823819
1420479
936833
2009411
1787258
1771240
1985082
2146191
2129665
1910726
1968395
1949894
1887754
1051145
1494707
1448292
1093260
1846767
1876710
2128616
1808255
1743706
1086007
1798516
1942597
1504705
1801358
1467730
1104837
1886850
1847112
1182680
1949129
1635846
1828538
1791385
1765425
254801
415726
1779553
1812331
1820755
1580594
2047626
2135628
2162800
1941880
1471537
2015345
1291582
2036413
607365
1766625
1726003
1753924
1372098
1885424
1962079
1261301
1709119
2150051
1193715
2058747
1671952
1776799
1887638
1749850
1955050
1439626
1632876
1520317
2017489
2021993
1740786
2060746
1579034
2023123
1814145
1918247
1867089
1801596
1843748
2081340
1789110
2054460
2024585
1826809
2120597
2005713
2050043
1409123
2006178
1590373
1805771
1968159
1941403
2075767
1947146
1415321
1518838
2146419
1868544
1683396
1982170
1670253
2092342
2060949
1732626
2006922
1745662
1900514
2101653
1888926
1946744
1652337
1771441
1497474
925261
1981601
1874177
1571607
1999098
1776577
1928266
1044953
1884231
1107881
1954355
1778990
1346430
1667709
945295
1809062
1799704
2029081
1457877
1961847
504777
1743478
2109092
2161068
2123532
1871338
2028085
1402196
1284666
1890715
2009310
1845428
801747
2081371
2051515
2078652
1934875
1830520
1721770
2041719
2000814
1577393
1033472
1768913
2015830
1751538
1862317
1935584
662173
1742760
1888031
2043278
1884819
2064372
1930398
1928309
1946994
1977317
1864157
1830347
2098977
2076187
1886487
1371992
1855435
1245026
1968431
2059671
1867707
2029961
1829908
1864478
1949959
1718408
1612932
1769569
1815879
1917669
2048022
1944741
603435
1874093
1164312
1015484
2097877
1636208
1690933
1794214
1989119
1952184
1177947
1423058
2016764
2075981
2112430
2141805
1984411
2046192
1448953
1677646
1880497
1871865
2006974
1893408
1735240
1781169
1988187
1265691
2165465
1900616
2164901
1464008
1717598
2025539
1928286
1978179
1714520
1469689
1834864
2043818
1876266
1986014
1898825
2042163
628446
926495
2004123
2111859
310699
1785510
2044096
1847026
801862
1803338
2089549
2015722
1523000
1942326
1362433
1850247
1255731
2129699
2125034
2057711
1508588
1889094
1813876
1872519
2029255
1409205
2078325
2070252
1914419
472007
1128003
2042418
1855918
1992000
1973435
1672679
1550463
1635829
1918584
1854325
2058114
1865852
1363675
1898575
1896592
1890572
1432750
1731984
2019715
1999967
1101023
2035900
1784539
1744376
1692734
2052515
1928983
1323112
1818360
1291247
1974209
1848847
1840198
1734430
235619
2132346
1735796
1701031
1761048
1699056
1778816
1852057
2108707
2002855
1728013
1900177
1622611
1798453
1649795
1800039
1573693
2114116
1875586
1770985
1502535
2154085
1561508
1846677
1518856
1871929
1799400
2149646
1731069
1825183
1042862
1776745
1795003
2102184
1857031
1578459
1609920
516277
1780890
1799500
1742310
1789877
2034706
1698347
2013819
1974179
1947520
1904442
2036291
1940198
2128550
1723222
1348239
1683567
777127
1732895
1743384
2005892
1865805
1918935
1681275
1927181
1781912
1871670
2025057
1303659
1951525
2152297
2083205
1913753
1921759
2004213
1834635
1792330
1907567
2073033
1908137
1763440
1580589
1783013
2047832
1993718
2052931
1807148
1881172
972291
2012401
1992653
478766
1895784
1897177
1131352
1797417
1741911
1916175
1756743
1674871
1483467
1964790
1579161
2126685
1922475
1867537
1895610
1107377
409202
1399262
1721994
558091
1218652
1744044
2068007
1570783
1930030
1763088
1840481
1909442
1419209
2084908
1947532
1971277
1381405
1657861
2085347
1646502
1902278
1745942
1565886
1306479
2040781
1766582
1795318
1618360
1895668
1901099
1613181
1982720
2095946
1908858
1597404
1853416
2068399
8949
1855897
1768697
1826381
1433412
1981845
1862479
2084026
1921815
1680588
2019978
1916150
1747978
1697584
1866675
1972217
1766909
1693048
1793500
2028792
1760177
2116564
1920951
1922572
765499
1905186
1955030
2027939
1825016
1973721
1234494
1690349
1965860
1794101
105090
1888620
1850935
1864130
1827994
1878093
1411613
1917852
1096818
1833965
1731386
1776437
1955956
1779446
554143
2132907
2003598
1706195
1947915
1885474
1816401
1730764
1971788
2019552
1687800
1655949
1788355
1767251
1970073
1944544
2092195
1996023
1887236
1647145
2052754
2120611
754470
2011221
1844020
1865700
1915250
2097295
1769017
1616499
1769468
1807631
1793352
1929861
1703376
1684100
1694476
1781619
1754031
2015117
1830506
1941687
2001413
2052729
1847277
1775661
1977030
1787575
2028207
2046867
1593971
1748321
1772038
2004882
2099246
1397832
1623177
1747115
1857409
1784645
1893881
1897404
2025809
442178
1744775
1826190
2134899
1880608
1969446
1744186
2046139
1380309
1365121
1704595
1836713
2040076
1948591
1964175
1593906
974134
2137636
1988096
2063115
2135074
1795771
1972804
2035249
1800224
2121057
1884764
1774653
1850244
1949371
1011970
1031888
1838002
1972518
1869533
1693941
1485056
1923494
1780278
1210496
2116325
2036995
1838646
1918826
1252357
1928250
2084590
1781795
1882592
2004195
1380859
1916844
1590600
957390
1716502
1996989
1873820
1890699
2056481
1640166
2023508
2070037
2045671
1947455
1654622
1727109
1644032
2027897
1948229
2032518
1737565
1799321
1593057
1751787
1653206
2146026
2118494
2004024
1846038
1816708
1879550
1761002
1823175
1734266
925550
2070756
1981980
1805922
1898163
2026457
1813639
2137430
2080356
1309585
1763697
1819890
1615484
1746423
1918577
2045736
1262042
1794838
1961904
1888524
1981952
1867440
1246436
2046342
2085644
1886063
1727694
1361989
1965157
1792964
2026273
1802079
1915695
1928560
1741968
2142052
1911085
1990496
385274
1814804
1877902
1872755
1968264
1940331
1958189
1961624
1516524
1854021
1832342
1759586
1889017
1999444
1835831
1918243
1907655
1912139
1922258
1407936
1930805
1781376
1850047
1987097
1807986
2145161
1788635
1952187
528000
2039560
2117377
1995184
1830770
1931924
1642820
1879420
1646332
1989147
1857663
1418349
1840883
1918622
1879268
1383848
1994520
1550719
2063332
1882884
1904026
1713016
2069912
1785511
2117807
1612144
1897672
1880494
1407234
2137372
2040317
1614473
1882014
2051816
1714651
1790940
2045878
1924164
1961109
1063708
1827202
1686585
1892938
1762212
1877240
1811211
1906721
1055440
2123726
2066960
1650041
1869628
1828568
1909071
1727800
1947714
1742415
2073957
2029188
2003700
1362766
1852502
1856102
2023119
1932908
1022927
1643220
1768402
1267571
2043284
1751372
2110867
1806101
1793195
882820
1781316
1749857
1870672
1910734
1934416
1799377
2078794
2013573
2030184
1706221
1869070
802243
1935510
1767910
2061238
1829005
1810199
1346601
1350080
1335792
1895541
1645394
1986582
1915251
2099759
1966475
1803474
1834462
1962015
1910029
1809311
1890031
766655
1985060
2166446
1941147
1611083
1820392
2111360
1873146
1767410
1823934
1796767
1881138
1777816
1980743
1043714
1826609
1811835
1763666
1921104
1360248
1757602
1871425
1833491
1774982
1916718
2046570
1802470
1203041
2044626
1885416
2079639
1231834
1920159
2103706
2034075
2135153
1752717
2010856
2054394
1888769
1768532
2161438
867277
1751087
2018596
1757100
1689665
1355421
1670488
1677788
1790791
1836209
2010473
1923443
432653
1950158
2022527
1990973
1901782
1843529
2012779
1252675
1802942
1803122
1912777
1865291
1789372
1767475
2005789
2113834
1812405
1021449
1720539
1419080
234646
1908399
651216
1815435
1587739
1901547
2098333
1797306
1231048
1676472
2095740
2037054
1756971
1836934
2011115
1945865
1900674
1841989
1943253
2121675
1911871
2091778
111169
588965
910058
364112
1881077
1879586
394927
2043506
1838790
1974347
1827007
1743589
1948972
2107946
1931763
1238589
1393999
1735967
1703070
1875471
1772140
1865454
1774562
1464027
1276059
1728548
2047524
1843515
1685906
1068977
1105283
1785711
1936017
1958537
1791046
1911102
1926975
2105938
2045772
2144426
2078187
1931079
2009502
1936926
1862333
1558455
1794217
1690140
2109811
1760130
1942799
485248
1395079
1846639
892355
2143453
2046343
2069873
1997755
1813171
1707554
1859516
1799181
1588192
1911900
1992172
2159661
2063918
1967877
2163516
1850862
1690826
1376537
1705008
1837642
2066876
2024298
1849267
1816952
2045473
1502714
1557663
1759381
1851016
1804015
1929468
1834005
1821118
1688188
1901461
2095168
1775588
1861785
1630081
2042767
696666
1832042
607089
1719295
2030543
1999022
2154121
2150212
1213082
1895093
1772154
1890007
2006337
1719165
1743472
2087067
2053305
1882952
2035712
1823014
1964515
1698960
1986520
1949847
1929806
1786389
1733246
1876060
2118668
1747426
1979275
1836909
1680213
1819506
1822388
1949141
1875503
1903014
1445056
2039667
1780923
2045169
1770843
1755255
1700009
1991774
2009040
2017141
2063202
771447
1949965
1951512
1917936
1952617
1961181
1958298
1841355
1870449
1992425
1557448
2015009
1986876
2138660
2093736
1886280
1942555
613897
1970946
1630732
1811044
678312
1864138
1788476
1697454
1899986
2053498
2055856
2028694
2139170
1669802
2089658
1975105
2046925
1940974
1611086
1714807
2084309
2078439
2118662
2021514
2068972
2000386
1463818
1949411
1939846
1708445
2100759
1887783
2008385
1936050
1680061
2074570
1684158
1859895
2137706
1957823
2121373
1796615
1781494
2120820
2053020
1424705
1108470
1511008
1787722
1792358
1980658
1856918
1885380
1705910
1882321
1046607
1916172
2134791
2096757
1916684
2029654
1927406
1656978
1753058
1980483
2125162
1581431
2131377
1790780
1877957
1948527
1884632
1402249
1937650
1806908
1927437
1988057
1913796
1946459
2159020
1655808
1808911
1914396
1893137
1879587
1848285
1590177
1254944
1789105
2128380
1976834
1689780
2114417
1802547
1823978
1866619
2091756
1888794
1898617
1887982
1991028
1759632
1844057
1807956
1803933
1964641
1784978
1789427
2041478
2100740
1761117
1759184
1967160
1999918
1940177
2126234
1866983
2067467
2025802
1876207
1717150
1614761
1177891
753575
1784558
1789690
2009093
1795606
1910088
2044204
1949034
1709954
1961042
1740729
2003500
1927611
1857524
2007742
2010117
2135137
1785627
2051065
2117648
1887430
1724057
1959431
1854711
1597784
2139037
2010972
1527687
1870935
1905994
2092016
1280347
2145673
1773734
1886769
1929932
1843187
1923804
1683625
1815602
1945582
1893565
1828113
1756167
1899136
2121288
1692553
1837052
411619
2024020
1671869
1932302
1487045
1984610
2126089
2088927
329142
1906645
2000365
729871
1982473
1953469
808318
2048346
2089306
1713947
1757733
2007782
2040401
1853338
1594210
1850594
1894662
1157239
2121231
1026444
1755429
1760668
910620
1714963
2052470
1895382
1806130
918068
1878651
1877167
1769310
1839405
2093285
837346
2028339
1731683
1918498
1261647
2127798
1740060
1105266
1903846
1837038
1939398
2021898
1989544
1752950
1794173
1890568
1829152
1641449
2064894
1825110
1859134
1746664
2095365
1851399
2057075
1868798
1891633
1762863
1608630
1105209
1461782
1960341
1788354
2022658
2000369
1778795
1598298
1741320
1812996
2065632
2031892
1874826
1901652
1855321
1432534
1109953
1971628
1804626
1583685
2071879
2093850
1927927
1994823
1788270
1616932
464856
1935304
1635046
1693310
21863
2025951
2015516
1897904
2099730
1737085
1831606
1976124
1806527
1802635
1587242
2148303
1777892
1569667
1802351
1401642
1768412
758986
1988496
1849682
2108632
1886224
2105982
2097269
2080239
2055265
1788644
1984834
1758918
1486139
61676
1952279
2028088
1929582
943859
1799136
1799574
1888527
1824704
1974897
1907943
1905493
2027742
1093671
1803674
1443360
2138012
2025380
2001782
1667363
1997335
601873
1951966
1909924
1831210
1863474
2142528
2049319
1126766
1963162
1414258
2100298
1772945
1824362
1938191
2009418
1347379
1687393
1830101
2057179
1857202
2094949
2058832
1718639
2005690
1894901
1891734
1843890
1624087
2120937
1896625
1658811
1880007
1551290
1924322
2056032
1723218
1715986
2133060
2111538
2148082
1943992
2093926
1738170
1849967
1035051
1898472
1918218
1878070
2123963
1715213
1524124
1993694
2078340
1832561
1942804
1758567
1567085
1949171
2107722
1978624
2069077
2037388
1904507
2043094
1273005
1001172
1699975
2040593
1733268
1884607
1521630
1821649
2022594
1859870
1749893
1751325
2106264
1691178
2001213
2115432
1852868
1957349
1316623
2002011
1853846
1680065
1991849
1934686
1824378
2124754
1918633
2077432
1978817
1566187
2007261
1778601
1917717
1960489
1683483
1797921
1729989
1750191
2001204
1139370
1915333
1972810
1982463
1923251
1273664
1079638
1756671
1928569
1979769
2019665
1920451
1923526
2134940
1969268
1778216
2045174
1860586
1794916
1721339
2051792
1977902
1868926
2091060
1653757
1772072
1979919
1702342
1533352
1141077
2094985
2004059
1806134
1794589
1916295
1964831
1875139
1801386
1173967
1759784
1764347
1703779
1828742
1568199
2140349
971856
1416303
2125044
1592433
1908304
1773982
2155200
2035811
1757511
1818779
1347384
1825672
2145065
661076
1790824
625924
1747692
1603159
1872527
1840527
1783693
1751887
1834595
2099440
2052811
1320897
1873157
2010148
1801641
1895187
1976327
1713118
2075039
1887871
1928513
1937519
1610127
2000691
1601642
1403266
1165592
1676286
1978650
1770637
1632044
2017987
1878272
1229428
1918903
2081606
2031733
1572674
1923372
2066221
2050376
1594769
2019340
2080673
1790424
1943645
1860533
2116608
1932958
1726448
1622277
1837538
1901579
2123291
580151
1898571
2067815
1881884
2069001
1922564
1850518
1972993
2125078
895595
1970783
1444621
2142337
1908109
1937815
1982460
1986577
2067764
1450122
1838488
1821940
1864060
1913010
314017
1100957
952233
1970837
1717111
1744678
2114341
532841
1818002
1935765
2000657
1803533
1301119
1831346
2007971
1895206
2096969
1867271
1553037
2057217
2044518
1807687
2033533
2136127
2076071
1881103
1987990
1700477
1771982
1864162
1749417
1921061
1864493
1254893
1304759
2042113
2169204
1754791
1720028
2039240
1846278
2168371
1863460
1731481
2096801
1550498
1841169
1742382
2055532
2105540
2081438
699727
1606009
1205520
2132017
1607793
1771928
1735033
1697477
1766665
1953575
1908855
2079229
1878061
2045702
1414457
2051840
2119716
1891331
1577228
1714779
1941451
1922996
1561624
577770
1879059
2147338
1881162
1752046
1931735
1875378
1747268
2075217
1874141
1820815
2082778
953252
1759764
1751796
1538237
1657227
1183055
1845584
1804246
1625762
2038786
460515
2071776
2027885
1800930
1817171
1863701
2146011
663203
1897323
1618776
1783108
2047669
1687402
1749924
1061089
1978878
1080994
1953362
1873489
1743949
1381489
1156507
1861699
2120553
1697306
1964734
1342061
1688783
1224663
1890900
1632153
1446763
1628671
1875344
1810689
1720197
1469084
1931702
2110529
1801972
1336079
1243497
2015824
2135773
2038619
1520641
1776045
769003
1961513
1712056
1986398
1776472
1849910
1974204
2052978
1996257
1539643
2078299
2042505
2042533
1428082
2116629
2043434
1930716
1846644
2124264
1584690
2128184
2035747
1172015
1748728
1528864
1784200
1750705
1757449
1754252
2037816
1307974
2055668
2089375
2067270
1812001
1768045
1971609
2125132
1913811
2045102
1916502
1564690
1749541
2049713
2015509
2061718
2092837
2019558
1712803
1783072
1872740
2132496
1791063
1173057
1848177
1486230
2103050
1949720
1959118
1973984
1776493
1125754
2017779
1315359
1916999
2166051
1719048
2056650
1759847
1924180
2001302
1278683
1913331
1902324
2088664
1857517
1791490
1972972
1229581
1900729
1811324
2096353
1937758
2110359
1935359
1721048
1826975
2011620
1872060
1956955
1984719
1778366
1418431
1856394
1624188
1550933
2000299
1829037
1368755
1936670
1854035
1740038
1592887
1916843
2129479
1902996
1785762
1750318
1914592
2091166
2080690
1155202
1778884
1716396
2021516
2088802
2032400
1864097
1180451
1975655
1904534
1734003
1525635
2101692
2132337
613629
2017560
1702760
2163057
1575935
263801
1901212
1974310
1830658
1985404
2087515
1952181
1791283
1206298
1957147
406858
1774024
2012078
972538
1781620
1997795
1871513
1986830
1965534
1263473
1781688
1449555
1731937
1957516
1946387
1780060
1703042
1360992
1934878
1980584
1877709
1897425
2072038
1845113
2021033
1781490
1928724
1744475
1815703
1301193
1847490
1659184
1986557
1827010
1797184
1926369
2087849
2068320
1864555
532308
1821204
1197817
1775243
2100196
1885930
1871849
2110897
1691024
1558526
2046526
1959509
1914327
1725902
1974447
1885828
1810611
1871492
1894849
67169
1292966
1939714
1580203
1834399
2084060
1963582
1725779
2006713
1956893
1773145
1930751
2020286
2062505
1699079
116413
1863792
1783491
1867009
1773551
1957291
1749695
2056757
1316855
1867294
1688211
1802533
1996278
2092486
1857778
1331748
1783252
1475460
1103560
1088658
124556
569620
1164788
1715288
1942214
1939038
1927081
1529254
2020645
1792218
2105591
2037591
1804855
1782600
1538278
2135245
1529886
1740291
179691
1955618
1855396
1794071
1830679
1938126
1570261
1913078
1270148
1869366
2003947
1945020
1756149
1912251
1985241
2023431
2000407
1829712
1898387
1853174
1550986
1489038
1613252
2046370
2053643
1826327
1882705
1762614
2115242
1847612
1813747
2134939
1964272
1917034
1711235
1918297
1224013
1738818
1992407
561722
1865113
2029508
772671
1850986
2031077
1979883
1823830
2085224
1947035
949602
1965109
1774900
733396
850367
1886647
2104268
1929593
1792644
1466750
2053575
1715004
1779476
2068728
2084016
1952995
1963534
2036438
1713866
1789304
1800578
2069637
1754419
2017862
1831881
1859250
1955283
1772503
2033141
1769796
1774219
2080378
2113494
1825951
1726150
2150446
2003850
1160847
1068835
1916691
2051315
2086792
1687741
2002227
1758841
2106756
733590
2006248
1770207
2004615
1957187
1992524
1865716
2142289
1892275
1970966
1759488
1918788
1788969
1248173
2040285
1961523
1715552
1971162
1988181
298452
1964847
1948622
1925346
1978407
1906431
1848009
1908474
1911430
1419842
2029343
1979331
1829975
1287168
1801231
1926961
1955886
856986
2055747
2126862
1895208
1799326
2129229
1971143
763774
2106992
1918729
1763195
1304195
1968810
1682758
1838730
1898374
1790451
1726624
1713296
1438258
1812298
1499178
507278
1909142
1824884
1777724
2135079
1086533
1758666
2022865
1649093
1991686
1449452
1520484
2146136
1769050
1700539
2023965
1932206
1951586
1913459
2149669
2094243
1671199
1760991
1922744
2060739
1959135
1793217
1818721
1522743
2055332
1769755
1576010
2102902
1935898
1900291
1911841
1663147
1921824
1776905
1900401
1110967
1923908
1730230
1875975
1957177
1703935
1979691
1949048
1687036
2169820
1930417
2114336
1975680
1785699
1746568
1884920
1822673
1922550
1997979
1954753
1821680
479929
1866978
2097481
1558484
1962959
1767397
1942367
1799825
1920012
1734521
1799889
1383276
1898045
1948258
2024729
1332150
1723066
1051092
1963708
2079089
1774462
1913510
1485606
1882413
2083106
1856309
1883852
1789487
1892361
1842338
1368759
1921678
1266934
1963052
1855737
1788919
1348272
2090601
1990263
2064195
1895281
2068530
2027200
1996373
1772648
1649954
1912920
1739817
1930058
1744808
2070047
2155130
1604940
2072118
730460
1688958
1950477
1898383
2117702
1275606
1412428
773708
2101810
2019548
1841040
2074198
1815048
1595850
1986990
1789653
1086639
2151206
244476
1704324
2011701
1951095
849389
1888593
1746310
790716
2056653
1926557
1750629
1166028
1938267
1789354
1897431
1806298
1698171
1419506
1816877
2013109
1572337
1942556
1835572
1925249
1877293
2004442
1807751
2153172
2121836
2075796
1768657
1756056
336272
1818014
1885281
1771114
2143850
2067581
1686156
1650640
2081768
1719280
2043616
605573
1727891
1907609
1983142
1865974
2123356
1877909
832078
2002366
1954885
1723681
1743401
1846269
1901736
1844277
1088296
1812593
1899810
1828594
1569597
1551329
2097026
2067990
1928493
1911055
2047870
1976811
2077991
1877259
1145548
1819465
811948
1864421
1799245
1917654
2098276
1958464
1930018
1694560
1913463
2120753
2148450
1804631
1811874
1883172
1699465
1688656
1834917
955075
2068686
1869045
1750171
1866317
1921679
1792568
1765617
1962715
1921355
2017215
2117386
2056100
1984720
2089743
2050540
2041805
1980266
1742673
1250819
1667401
1722578
1957364
1959806
1956141
1905886
1800845
1900485
1697298
2167353
1893971
1825240
2101141
1808052
1842664
2124277
1246131
986116
2062422
1723988
1850710
1221676
1955325
1971513
2043376
2131778
1628604
1463348
1887753
1965808
2055306
2083680
1783775
1806117
1724966
1913515
1681859
1835271
1992065
2002010
2123290
2112776
1895850
2004073
1928802
1934116
1781293
1974927
1835043
2052791
1813410
1789331
1356641
2025023
1956446
2062273
1853651
1900508
1789344
1591530
1901650
1759729
1961900
2148832
1766740
1750040
1931221
1724620
1967663
1643126
1990136
1774414
1743499
2166761
2007127
1629837
2025637
1804362
2128378
1922925
1504271
1879988
2064958
1859102
1944025
1904295
1769773
1786226
1945884
1925461
1976410
2024427
2047786
1939742
2015959
1870348
1891267
1160351
2078978
2032532
2098610
2052232
1909738
1889313
1900263
1640832
1734103
1940058
2156134
1989770
1770974
2161795
1029543
1683871
1667710
1962553
2089181
2021899
1927976
1945493
1727268
1849137
2147276
1903136
1996486
925423
2132887
1644863
1898384
1793712
2089550
2001564
1190299
559105
1977605
2152939
2018962
1952397
1945158
1807942
1784295
1949918
1869263
2099006
2031289
1805268
1882223
2085527
1977936
2044583
1898410
1850841
1289750
1737667
1999815
1879277
1898949
1801304
1963851
2114428
2087076
970662
1983155
1783977
2003323
1739266
1997340
1986541
1477805
2137403
2064213
332231
1958376
1948652
1756875
1110955
1799847
1843780
1995641
1513612
2020349
1589921
2092851
1744794
2028756
1857211
1919687
1998802
1909824
1929319
1983927
1431102
1960860
1810890
2035756
1985507
1835978
1860980
1935685
1938940
1841442
1688873
1906620
1949206
958656
1758665
1864709
2149292
2078554
1670118
2108866
2012662
1923678
1654907
458563
1707808
322808
1836797
1962727
1975204
1894409
1726337
2004186
2040215
1864323
1836844
1466025
1937554
1656562
1833393
2028126
2000308
2017649
1988994
2074958
742531
1688064
1840681
1773214
1734006
1902848
2015672
1918666
1761177
1856258
1899836
1802039
1912114
1532736
1786831
2088521
1120795
879643
1905582
2002100
1315153
2121359
1677520
2047156
1900683
913426
1338796
2066347
1720971
1806792
1722598
1704968
1951399
1916394
1763708
1393977
2002570
1911925
1629388
1898417
1402928
1907043
1756259
1990381
1750641
1706691
104315
1851195
1880917
1463070
1761846
2005593
1890601
2116681
1135212
167775
1882781
2134903
2065527
1988818
1766012
1894487
1907523
1640689
1972749
678182
1808152
2093101
1440058
1792876
2102254
1330493
2006102
2090014
1901393
1828435
1502927
821722
1837652
1931038
1263771
1461060
1945143
1797151
1494327
1944021
1251101
1806364
1808806
1789187
1959023
1972126
2058451
1977607
1662313
1898524
1964010
140945
1951868
640305
1948859
2011539
1939593
1861068
1885207
1882996
1976259
1800864
1895713
2106143
1857720
2041421
2102063
1813042
1852680
1890147
1897914
2133004
1938632
1674155
1923286
1901630
2081945
951273
1711883
1761107
365702
1833543
2052537
1875364
1809117
1825244
1811830
936182
1884827
1879700
2111556
2062204
1655030
1980729
1951939
1865294
1651905
2123543
1972414
1936956
1770511
1821468
1580469
1738470
1514684
2044774
1114801
2053402
2023091
2008098
2090773
1729848
1887387
902888
1753872
1347388
1952471
1202890
1676940
1948870
1919435
1342855
1692546
787595
1953232
1948714
2091576
1994667
1824194
1848184
1773264
1974438
2146215
2012023
1282733
1825938
2019270
1667841
1455812
1828560
1811658
2134516
1749133
1790119
1107880
1803208
1584423
2124462
1957643
1929311
1808105
1769873
25326
587361
1753164
1980200
2000926
2168960
1676156
1917319
1249436
1775363
1809578
1872404
1555979
1993425
1935891
2095258
1856763
1440395
1910139
1540170
1784479
1894682
2048353
1623877
2137880
1961544
1839444
1971451
1259129
1736181
1907916
638612
819927
1423999
70247
2014629
1796612
1079652
1837481
1889419
2067109
2086729
2129083
1370687
1775352
1425357
1802164
1863645
1000057
1856730
1780572
1923078
1594598
1297543
1884657
1978432
2057392
2044348
1493843
1831905
2135397
232256
1029346
2137545
1808793
1967974
1817787
1739766
1697072
1858535
1964805
2122249
1989258
1913188
401799
2165555
1790993
1779714
1457322
1598664
1508399
1971796
1988617
1775347
1881362
1994976
1981892
1897987
2069877
928947
1743368
1631530
1763762
1861945
1615177
2099295
1804775
1734684
1742900
2161237
1831232
2006943
1857899
1355025
1714263
1899965
2017708
1846926
1987125
1991430
1832621
1790032
1824682
2086088
1936604
1980796
2144555
1798859
1996323
1716803
2164476
1814394
1937542
1971951
2037027
1822263
2072490
1831275
2093548
1850069
1886423
2085029
1532642
1744829
2119925
2088302
1482522
2014152
1995596
1490540
2097924
1896111
1729416
1750422
43701
1803929
2078985
1940406
1965466
2142618
1859605
1927663
1854887
1972778
1915744
2109896
1377403
1916289
1833522
1859450
1736560
1806864
1937777
1306568
1884578
1918985
2092082
2163409
2028627
2118582
1749145
1864996
1250833
2037139
1993159
2019842
2008109
1471236
1959822
2088232
1798162
1896666
1803693
1868244
1907729
1423264
1987793
1920432
1333833
2066270
2024909
1934473
1914658
2087611
1896576
1969255
2070803
1814677
2143876
2063646
685539
1713658
2101575
1771618
1935691
1967031
1994595
1965387
2031865
1641849
1936864
1852809
1921525
1172130
1737149
2079067
1948209
2036318
1120892
1794544
1324800
1683677
1419539
2106833
54003
2027273
1627253
2018784
1871920
2126844
2120935
1842942
1912253
1760782
2000371
1821768
1871357
2000939
1909971
1072818
1751170
1808246
1670089
564144
1566206
2030497
2118215
1715035
1741767
2116675
2080480
2027077
2037012
2074170
1977087
1931193
2042698
1774369
1934595
1972113
1831219
74115
2051706
1981053
1933536
1978898
1749636
1929181
1717994
1727027
2061553
2125862
1327622
2043206
1901573
1892078
1919476
1765296
1482404
1761797
2052103
1754903
1283536
1826998
1919663
2129710
1470956
1657761
1780166
1388149
1841885
700486
1769824
2101659
1764027
2011210
1925743
2132288
1721563
1267263
1873233
1910654
1983566
1997699
1727693
1125233
1922898
1510469
1581028
1806968
1802363
1857329
1999755
1889003
2145186
1777013
1966408
1089678
1900097
1582906
1901162
1885417
1972973
2099200
1836849
1570458
1873914
1601762
1898803
2107778
2121570
1877252
2049859
2124899
1869451
2112047
1631835
1769995
1687084
1850256
1737477
2111371
2054980
1862075
2085030
1882252
2168355
2096132
760621
1769792
1800385
113705
1897784
2051843
1873096
2086208
1991993
1995023
1689042
2028314
2138433
1999473
2004303
1229030
2122284
371016
1888132
1828668
1470723
2012893
1918684
1857047
1552594
1163967
1644513
2071593
1807138
1900283
1658451
1863466
1890928
1791543
1607429
2027396
1883263
1817884
1983503
2069662
2084917
1692929
1884638
1806559
1994007
2035737
971207
1837942
1817367
1754051
2036274
1901783
2002277
1921117
2017028
848100
2068919
2008843
1950014
1923339
1930076
1819607
997064
1291115
1939510
1667607
1815207
1952438
1716793
1604579
1842903
2106075
2146320
2016464
1929929
1767295
1799285
1818947
1779373
1894649
1877097
1875162
1969728
1885239
2016251
1348925
1480868
2120375
2095486
2006554
1957020
1840222
1777079
1908790
1213593
1910391
2021316
1978017
1908253
2059468
1798615
1979805
1967779
1756970
1370640
1468597
1774332
1845027
2109196
785482
1683035
2119483
2023140
2115293
2111596
2011570
2119365
1967856
1760279
2081690
1794162
2068383
1832599
1998409
2011740
1855509
1581381
1863644
963806
1790894
2138028
1696407
1958904
1921930
1884014
1829046
2018171
2084849
1899333
1874112
2126258
1560037
2010778
2086080
1586184
1883515
1851619
1678056
197212
1891714
1751193
1964656
1977298
1845998
1793916
2024857
1915763
1644188
1696997
1341687
1708941
2114057
1851103
1869555
1770247
1536761
1808776
2019845
1998245
1950903
2120527
1838944
1799575
1877894
1864673
2051524
2038889
1245673
1997446
2164645
790573
2085265
1929001
1938666
1983598
1691417
1849016
1125563
1735060
2069389
1978790
2125035
2099904
2089081
2071422
1783344
1670387
2042457
1574691
1741071
801653
603075
1759634
1918238
1987831
1754382
1972824
858060
1742473
1446316
1843849
1814686
1980628
1935476
2051835
2073975
1862341
1952479
2059940
2064798
1805088
2091616
1759086
1853776
2089066
2124033
1964190
2149214
1916285
1908066
1555120
1820113
2008260
1920170
1952903
1327813
1921553
2000180
2099486
1441157
1167920
1114344
1984197
1785234
2103123
1866703
1719956
1915271
2010557
756792
1379985
1608039
1246773
1832537
1725053
1974786
924673
1829269
1945122
1352410
1631702
1977151
1890060
1628966
1838172
1846720
1510821
2140371
1880072
1804158
1968929
1182061
1349241
1827277
1843870
1924071
1277984
2014244
1742951
1921996
1867859
2093123
2084530
1484496
1786693
2053486
2010938
1819793
1802506
1596941
1925593
1852871
1812783
1390700
2154893
1365773
2119169
1673097
2166472
1600004
644401
1911346
1857624
1846448
1948960
1787942
1814819
1807566
1937135
929130
2060660
1778535
1991509
1696620
1467151
1987180
2097942
1876784
1772207
2084942
413901
1617567
2167357
2049932
1898796
1957171
1958525
1949275
1638064
750284
1788720
2065149
2107618
1905695
1464341
1694908
1871679
2076043
1347618
1968790
1112314
1815509
2146807
77691
1945566
1911796
2018522
1848363
2132504
1802439
2122395
1072867
2024432
2121405
2010461
1999339
1937131
2058816
1293072
1078911
1143823
1822359
1979887
2020993
1905153
1902235
1532633
654622
2091471
1998353
1844789
1067200
1904230
1173438
1800866
459572
1864902
2070777
1867756
1779237
1969705
1835865
1996592
2141973
2028599
1910142
1876690
1930116
1783418
1900429
1422686
2075192
1913199
64010
1999580
1876615
1828486
1899344
2094154
1919305
1820901
2055824
2029290
1824842
1837174
1998704
1604806
1978274
1851654
2108981
1414025
1474263
44475
1536276
1994458
1948401
1913356
1817602
1954150
1773106
1964312
1707779
1010992
1845104
1808925
1306461
2058976
1819703
1976303
1936188
1424378
2139702
1752805
1715101
1778907
1826183
1654454
1691609
1730730
1786699
1660971
1903137
1885919
1833301
1769575
1943275
1627187
33888
1256677
2040393
1915048
1922665
1769222
1849703
2072806
1802471
2085359
796826
2079060
2060717
1577922
1782916
1723318
1782683
2053621
1525401
1709923
2017321
2062538
1970386
2086554
2033524
1862458
1572466
2034879
1974238
1882857
1923289
1776191
1939696
1947612
1743144
1888258
1849145
1734056
68333
1860611
1998544
1977202
1880652
1999387
1140209
2005117
2141646
2108862
1896584
2024914
2031510
1833202
2016404
2040467
1982063
2161890
1871561
1507653
1856786
2052673
1769056
1722017
1878262
1563334
2063328
1886461
1894841
1977265
1291419
1941772
1781793
1799504
1638199
1872905
1873003
2068896
2114717
1874140
1648167
2121355
2056364
1889497
1561567
2023758
1702297
1415947
270643
2022013
2091775
1925721
1979483
1934865
1964744
1886551
1897778
707059
1279571
2103523
2077229
1780245
1937157
1848926
2079819
2059692
1887547
1440947
2013704
1876071
1907038
1856760
1987197
2016998
2112310
1742792
70988
1897970
1758221
1824273
1585350
1504744
2146500
2037678
1504481
1916008
1755405
1887079
1677752
2032591
1857924
1750882
1813523
1956960
2033544
388782
1876954
1736987
375910
1598679
2061602
2110296
1766945
2149243
1942429
2064221
1738864
1787048
1522485
1945410
1974878
1850237
1123774
1774474
1859399
1672943
2067137
955167
1889476
1775381
1862049
1625888
1258921
1994915
1926697
1114964
1563741
2087044
2025945
1462353
199838
2138875
2032925
